104060,-0.6,2019-02-19,11:59:53,GERMANY,76.04622465430327
101730,2.0,2019-02-19,11:59:53,GERMANY,83.51129635809836
102380,-0.9,2019-02-19,11:59:53,GERMANY,89.5590835183978
101500,0.0,2019-02-19,11:59:53,GERMANY,92.97695284762996
101290,-0.7,2019-02-19,11:59:53,GERMANY,86.32155332356248
101270,0.7,2019-02-19,11:59:53,GERMANY,91.67213959102538
103050,-0.8,2019-02-19,11:59:53,GERMANY,68.88814872219004
107635,-5.6,2019-02-19,11:59:53,GERMANY,83.17578489513772
102610,-1.3,2019-02-19,11:59:53,GERMANY,81.86094790890961
102620,-4.0,2019-02-19,11:59:53,GERMANY,83.38150122197516
100040,-1.8,2019-02-19,11:59:53,GERMANY,88.16000379901942
103590,-2.7,2019-02-19,11:59:53,GERMANY,81.66864756487313
105260,-2.2,2019-02-19,11:59:53,GERMANY,79.90401498906574
101850,-2.7,2019-02-19,11:59:53,GERMANY,86.10872369676508
101840,-2.1,2019-02-19,11:59:53,GERMANY,84.888566823612
95490,-1.2,2019-02-19,11:59:53,GERMANY,98.54467368050945
106390,-1.6,2019-02-19,11:59:53,GERMANY,75.29913394243516
108680,-2.4,2019-02-19,11:59:53,GERMANY,84.21653064104535
107910,-5.2,2019-02-19,11:59:53,GERMANY,79.44732830895909
100220,-1.4,2019-02-19,11:59:53,GERMANY,86.89307400146683
104540,-3.3,2019-02-19,11:59:53,GERMANY,84.74846176633238
103800,-4.1,2019-02-19,11:59:53,GERMANY,80.85019292925567
101560,-1.7,2019-02-19,11:59:53,GERMANY,75.85472550330536
94490,-3.5,2019-02-19,11:59:53,GERMANY,85.37139256483447
108030,-0.3,2019-02-19,11:59:53,GERMANY,71.65397673643231
108950,-3.3,2019-02-19,11:59:53,GERMANY,75.57230854788658
104300,-1.8,2019-02-19,11:59:53,GERMANY,76.99646356101587
107060,-1.7,2019-02-19,11:59:53,GERMANY,74.14596136902732
106480,0.3,2019-02-19,11:59:53,GERMANY,80.87083406774532
101420,0.0,2019-02-19,11:59:53,GERMANY,90.29259655761705
109290,-1.5,2019-02-19,11:59:53,GERMANY,80.0084857249258
102810,0.0,2019-02-19,11:59:53,GERMANY,87.67722242964999
102150,-1.0,2019-02-19,11:59:53,GERMANY,79.48427856249697
94900,-0.6,2019-02-19,11:59:53,GERMANY,71.59429680462168
108050,-0.8,2019-02-19,11:59:53,GERMANY,75.44125514919406
103870,-6.2,2019-02-19,11:59:53,GERMANY,86.39263892458291
108150,-2.6,2019-02-19,11:59:53,GERMANY,81.06550382396372
103630,0.5,2019-02-19,11:59:53,GERMANY,76.23558846346211
95820,-4.5,2019-02-19,11:59:53,GERMANY,94.13621765470529
109480,-2.9,2019-02-19,11:59:53,GERMANY,80.40867029213906
109460,-4.5,2019-02-19,11:59:53,GERMANY,80.79218356061504
102740,-5.9,2019-02-19,11:59:53,GERMANY,92.63576343728195
104180,-1.6,2019-02-19,11:59:53,GERMANY,83.68331978260576
107280,-2.4,2019-02-19,11:59:53,GERMANY,86.14095440727021
104800,-1.9,2019-02-19,11:59:53,GERMANY,81.77889055534374
104790,-2.9,2019-02-19,11:59:53,GERMANY,88.72337386820269
100460,-1.5,2019-02-19,11:59:53,GERMANY,83.0708939989399
100450,-1.1,2019-02-19,11:59:53,GERMANY,81.27735653363702
104480,-2.0,2019-02-19,11:59:53,GERMANY,90.1386355239937
107120,-1.2,2019-02-19,11:59:53,GERMANY,85.62849622570909
108370,-1.9,2019-02-19,11:59:53,GERMANY,72.98746257682353
103430,-1.0,2019-02-19,11:59:53,GERMANY,83.75753480564771
106090,-0.7,2019-02-19,11:59:53,GERMANY,79.52974156918084
106190,2.7,2019-02-19,11:59:53,GERMANY,84.20457462774044
106180,-1.1,2019-02-19,11:59:53,GERMANY,73.69689015977855
104520,-4.2,2019-02-19,11:59:53,GERMANY,82.71945159179369
105520,-6.9,2019-02-19,11:59:53,GERMANY,94.01987580992541
104760,-1.6,2019-02-19,11:59:53,GERMANY,82.43695909584848
108560,-3.2,2019-02-19,11:59:53,GERMANY,77.9447965014694
95540,-2.8,2019-02-19,11:59:53,GERMANY,82.2767865494446
93850,-2.7,2019-02-19,11:59:53,GERMANY,76.25963224917118
107430,-1.9,2019-02-19,11:59:53,GERMANY,79.34702125235998
105420,-2.4,2019-02-19,11:59:53,GERMANY,78.67043940329116
105460,-3.3,2019-02-19,11:59:53,GERMANY,88.02015926944578
105440,-2.7,2019-02-19,11:59:53,GERMANY,92.1319630001054
109080,-4.6,2019-02-19,11:59:53,GERMANY,76.51889372990384
107650,-2.1,2019-02-19,11:59:53,GERMANY,82.3704751131853
92610,-2.3,2019-02-19,11:59:53,GERMANY,78.09088028424121
107655,-6.5,2019-02-19,11:59:53,GERMANY,73.81660080344847
102530,-1.3,2019-02-19,11:59:53,GERMANY,78.84314429410703
102540,-2.8,2019-02-19,11:59:53,GERMANY,82.2767865494446
103250,-0.6,2019-02-19,11:59:53,GERMANY,69.98552733403872
107760,-2.1,2019-02-19,11:59:53,GERMANY,85.52867906764334
103610,-1.9,2019-02-19,11:59:53,GERMANY,86.19443065553102
109350,-1.9,2019-02-19,11:59:53,GERMANY,72.98746257682353
109340,-0.5,2019-02-19,11:59:53,GERMANY,78.96749892466067
94690,-1.7,2019-02-19,11:59:53,GERMANY,84.3007737136478
100060,0.7,2019-02-19,11:59:53,GERMANY,91.00675049201543
100050,0.1,2019-02-19,11:59:53,GERMANY,83.27430397508597
107420,-1.8,2019-02-19,11:59:53,GERMANY,81.17891780918457
105820,-7.2,2019-02-19,11:59:53,GERMANY,99.23248980130217
104020,-1.3,2019-02-19,11:59:53,GERMANY,80.03819180261934
100380,-1.0,2019-02-19,11:59:53,GERMANY,86.28993308116371
100370,-1.3,2019-02-19,11:59:53,GERMANY,88.20608769699962
95580,-1.5,2019-02-19,11:59:53,GERMANY,90.1774608388735
103150,-0.5,2019-02-19,11:59:53,GERMANY,85.70544081948714
103170,-1.3,2019-02-19,11:59:53,GERMANY,75.35256464960753
105360,-2.8,2019-02-19,11:59:53,GERMANY,79.81384611273492
103660,1.7,2019-02-19,11:59:53,GERMANY,82.2633596599217
106700,-2.3,2019-02-19,11:59:53,GERMANY,82.96784688825748
100910,-0.8,2019-02-19,11:59:53,GERMANY,85.03824833910517
108354,-1.7,2019-02-19,11:59:53,GERMANY,61.66186175847196
108360,-1.9,2019-02-19,11:59:53,GERMANY,81.77889055534374
108270,-2.2,2019-02-19,11:59:53,GERMANY,75.76696655529328
102460,-0.7,2019-02-19,11:59:53,GERMANY,83.79445923402426
102700,-1.3,2019-02-19,11:59:53,GERMANY,83.72048849320399
106770,-1.4,2019-02-19,11:59:53,GERMANY,81.8473086585495
103210,-0.1,2019-02-19,11:59:53,GERMANY,86.38447573255593
103200,-1.1,2019-02-19,11:59:53,GERMANY,78.28352823218393
103340,-0.6,2019-02-19,11:59:53,GERMANY,79.5448639297452
95770,-2.5,2019-02-19,11:59:53,GERMANY,84.20444246287285
100200,-0.3,2019-02-19,11:59:53,GERMANY,89.6080096958283
101130,-0.1,2019-02-19,11:59:53,GERMANY,81.41670499971441
105550,-2.7,2019-02-19,11:59:53,GERMANY,81.66864756487313
94600,-3.4,2019-02-19,11:59:53,GERMANY,81.57139629463353
100150,1.0,2019-02-19,11:59:53,GERMANY,84.6196776198425
102790,-3.5,2019-02-19,11:59:53,GERMANY,86.67749421683916
108930,-2.1,2019-02-19,11:59:53,GERMANY,85.52867906764334
101624,1.3,2019-02-19,11:59:53,GERMANY,93.04898003275932
101620,-3.0,2019-02-19,11:59:53,GERMANY,84.78366424045392
94530,-6.8,2019-02-19,11:59:53,GERMANY,93.30069641572979
102910,-2.2,2019-02-19,11:59:53,GERMANY,88.12294658099164
109210,-3.1,2019-02-19,11:59:53,GERMANY,83.49562208415144
95690,3.3,2019-02-19,11:59:53,GERMANY,79.54417243328365
104390,-1.2,2019-02-19,11:59:53,GERMANY,80.05302116316363
102180,-1.8,2019-02-19,11:59:53,GERMANY,83.03235711229297
102000,0.1,2019-02-19,11:59:53,GERMANY,93.66405884587398
93980,-0.4,2019-02-19,11:59:53,GERMANY,73.27378678755679
107100,0.0,2019-02-19,11:59:53,GERMANY,88.97638355603272
107080,-1.3,2019-02-19,11:59:53,GERMANY,81.24930678555353
106163,-2.9,2019-02-19,11:59:53,GERMANY,38.81002910260135
106160,-1.5,2019-02-19,11:59:53,GERMANY,78.21958079098191
102800,-1.8,2019-02-19,11:59:53,GERMANY,80.56932707226292
104260,0.4,2019-02-19,11:59:53,GERMANY,81.48582086565779
104270,-3.2,2019-02-19,11:59:53,GERMANY,90.72523570533069
108650,-1.6,2019-02-19,11:59:53,GERMANY,74.72989604219624
108640,-5.4,2019-02-19,11:59:53,GERMANY,84.49870281874246
106600,-1.2,2019-02-19,11:59:53,GERMANY,79.45388974225494
94920,-2.4,2019-02-19,11:59:53,GERMANY,74.58386769967244
103380,-1.4,2019-02-19,11:59:53,GERMANY,84.33667847571316
106590,-0.2,2019-02-19,11:59:53,GERMANY,83.23643457801427
106320,-0.7,2019-02-19,11:59:53,GERMANY,83.79445923402426
104010,1.4,2019-02-19,11:59:53,GERMANY,84.66612208590844
105570,-5.3,2019-02-19,11:59:53,GERMANY,99.24466483308713
105580,-4.4,2019-02-19,11:59:53,GERMANY,93.4305078057893
105590,-1.6,2019-02-19,11:59:53,GERMANY,91.51929371619761
104710,-3.2,2019-02-19,11:59:53,GERMANY,81.59925792974224
104810,-7.4,2019-02-19,11:59:53,GERMANY,84.91990624257753
107450,-5.6,2019-02-19,11:59:53,GERMANY,80.63135237343161
106750,-3.6,2019-02-19,11:59:53,GERMANY,74.36259749629451
103480,-1.6,2019-02-19,11:59:53,GERMANY,83.05806242820823
107550,-2.8,2019-02-19,11:59:53,GERMANY,77.41668546551502
107520,-4.0,2019-02-19,11:59:53,GERMANY,64.54898609433015
94960,-1.2,2019-02-19,11:59:53,GERMANY,78.26756642785212
100260,-1.5,2019-02-19,11:59:53,GERMANY,86.88292413351203
100280,-0.7,2019-02-19,11:59:53,GERMANY,92.25643373622192
105500,-9.0,2019-02-19,11:59:53,GERMANY,90.99842736721858
95520,-3.1,2019-02-19,11:59:53,GERMANY,90.05242117152747
107710,-2.7,2019-02-19,11:59:53,GERMANY,81.05125813393065
102350,-1.4,2019-02-19,11:59:53,GERMANY,79.4234366046028
109630,-3.7,2019-02-19,11:59:53,GERMANY,74.92051960143122
95480,-2.3,2019-02-19,11:59:53,GERMANY,80.49653618762007
95460,-8.7,2019-02-19,11:59:53,GERMANY,87.49618966018014
104680,0.8,2019-02-19,11:59:53,GERMANY,72.95337537204867
109800,-5.1,2019-02-19,11:59:53,GERMANY,72.93153623427531
102490,-2.9,2019-02-19,11:59:53,GERMANY,83.5208283351692
104660,-3.6,2019-02-19,11:59:53,GERMANY,81.54347396337658
104490,-1.9,2019-02-19,11:59:53,GERMANY,90.14641862833292
104380,-1.3,2019-02-19,11:59:53,GERMANY,83.09651506375835
106100,-1.9,2019-02-19,11:59:53,GERMANY,79.9488835519103
106150,-1.6,2019-02-19,11:59:53,GERMANY,80.59833443379647
104690,-0.1,2019-02-19,11:59:53,GERMANY,90.95004026038586
104700,-2.4,2019-02-19,11:59:53,GERMANY,85.4951825520294
107230,-0.3,2019-02-19,11:59:53,GERMANY,80.18577883645473
109610,-10.0,2019-02-19,11:59:53,GERMANY,74.33782553414225
109620,-1.6,2019-02-19,11:59:53,GERMANY,72.49101343238017
103680,-0.9,2019-02-19,11:59:53,GERMANY,90.89280135495625
91700,-1.5,2019-02-19,11:59:53,GERMANY,79.40818586352142
116690,-0.9,2019-02-19,11:59:53,GERMANY,97.82941445683063
106420,-2.3,2019-02-19,11:59:53,GERMANY,82.96784688825748
100465,0.5,2019-02-19,11:59:53,GERMANY,89.01916297421701
104600,-1.6,2019-02-19,11:59:53,GERMANY,79.39291897915155
106140,-1.4,2019-02-19,11:59:53,GERMANY,75.33477249251074
106130,-2.3,2019-02-19,11:59:53,GERMANY,85.50636057470659
103930,-2.5,2019-02-19,11:59:53,GERMANY,87.43572274269725
105190,-2.2,2019-02-19,11:59:53,GERMANY,61.05844224110025
109000,-1.5,2019-02-19,11:59:53,GERMANY,80.61281484288693
93610,-1.2,2019-02-19,11:59:53,GERMANY,77.09700955676595
104000,-0.4,2019-02-19,11:59:53,GERMANY,76.6535453358879
108570,-2.9,2019-02-19,11:59:53,GERMANY,82.88996614705673
100020,0.8,2019-02-19,11:59:53,GERMANY,79.75491152292383
91770,-2.6,2019-02-19,11:59:53,GERMANY,81.06550382396372
107320,0.6,2019-02-19,11:59:53,GERMANY,81.51336378101604
106350,-3.0,2019-02-19,11:59:53,GERMANY,86.0763836844818
106260,-1.0,2019-02-19,11:59:53,GERMANY,75.40583291736652
94880,-2.0,2019-02-19,11:59:53,GERMANY,78.73347275884448
94800,-1.0,2019-02-19,11:59:53,GERMANY,74.27525388002506
106850,-4.2,2019-02-19,11:59:53,GERMANY,87.26753121823879
106870,-3.3,2019-02-19,11:59:53,GERMANY,87.35698082563019
100350,-1.5,2019-02-19,11:59:53,GERMANY,85.5953354214086
100340,-1.3,2019-02-19,11:59:53,GERMANY,89.52627781766243
100290,0.0,2019-02-19,11:59:53,GERMANY,85.76003478206532
104240,-6.0,2019-02-19,11:59:53,GERMANY,91.9200277875457
106880,-2.5,2019-02-19,11:59:53,GERMANY,82.31702643785411
107370,-0.5,2019-02-19,11:59:53,GERMANY,77.79430041690209
94790,-3.0,2019-02-19,11:59:53,GERMANY,78.57538942795716
103850,-1.5,2019-02-19,11:59:53,GERMANY,81.83365464511134
103840,-1.2,2019-02-19,11:59:53,GERMANY,80.65616323384695
108380,-2.1,2019-02-19,11:59:53,GERMANY,84.888566823612
92700,-1.8,2019-02-19,11:59:53,GERMANY,81.17891780918457
108460,-13.2,2019-02-19,11:59:53,GERMANY,98.38993344899094
92910,-2.4,2019-02-19,11:59:53,GERMANY,78.67043940329116
103490,0.0,2019-02-19,11:59:53,GERMANY,89.63234653902111
95670,-2.6,2019-02-19,11:59:53,GERMANY,82.92897063828018
104040,0.5,2019-02-19,11:59:53,GERMANY,83.94094829973909
101310,-0.9,2019-02-19,11:59:53,GERMANY,78.31540185892568
101280,-2.0,2019-02-19,11:59:53,GERMANY,78.73347275884448
94740,-1.7,2019-02-19,11:59:53,GERMANY,74.71170697020865
101260,-1.3,2019-02-19,11:59:53,GERMANY,81.86094790890961
101360,-1.2,2019-02-19,11:59:53,GERMANY,81.26333919925118
109470,-3.6,2019-02-19,11:59:53,GERMANY,79.69271864216192
107750,2.4,2019-02-19,11:59:53,GERMANY,74.3419996899178
104100,-0.5,2019-02-19,11:59:53,GERMANY,82.58195718148943
103980,-3.1,2019-02-19,11:59:53,GERMANY,83.49562208415144
108530,-2.8,2019-02-19,11:59:53,GERMANY,78.00989295799947
92800,-2.6,2019-02-19,11:59:53,GERMANY,82.3036277832477
104920,0.0,2019-02-19,11:59:53,GERMANY,80.82817419918915
104900,-3.4,2019-02-19,11:59:53,GERMANY,80.95110620552332
106330,-1.0,2019-02-19,11:59:53,GERMANY,81.2913588091667
102720,1.0,2019-02-19,11:59:53,GERMANY,74.63970705027666
105100,-3.8,2019-02-19,11:59:53,GERMANY,85.98960564474105
92490,-1.7,2019-02-19,11:59:53,GERMANY,78.78057378902048
105060,-1.0,2019-02-19,11:59:53,GERMANY,83.13484176183611
105540,-1.6,2019-02-19,11:59:53,GERMANY,87.52345344935553
105536,1.1,2019-02-19,11:59:53,GERMANY,85.25316814977491
91620,-2.4,2019-02-19,11:59:53,GERMANY,74.01575737203987
105320,-1.7,2019-02-19,11:59:53,GERMANY,78.78057378902048
107380,-1.6,2019-02-19,11:59:53,GERMANY,83.68331978260576
107340,-0.4,2019-02-19,11:59:53,GERMANY,82.59505313457744
105780,-4.3,2019-02-19,11:59:53,GERMANY,94.86047694127839
105770,-2.9,2019-02-19,11:59:53,GERMANY,84.15595535615074
94990,-1.6,2019-02-19,11:59:53,GERMANY,82.43695909584848
91840,-2.0,2019-02-19,11:59:53,GERMANY,81.15065594389192
107270,-0.9,2019-02-19,11:59:53,GERMANY,81.30534604626368
93790,-1.7,2019-02-19,11:59:53,GERMANY,74.71170697020865
107290,-0.6,2019-02-19,11:59:53,GERMANY,78.36308766820662
101770,-3.1,2019-02-19,11:59:53,GERMANY,87.37673377669944
107880,-2.0,2019-02-19,11:59:53,GERMANY,83.63357021133505
106280,-2.4,2019-02-19,11:59:53,GERMANY,60.06089573118185
104960,-2.9,2019-02-19,11:59:53,GERMANY,81.64093694175408
104990,-0.6,2019-02-19,11:59:53,GERMANY,80.14166715382176
93930,-2.0,2019-02-19,11:59:53,GERMANY,79.33168958072388
102240,-1.5,2019-02-19,11:59:53,GERMANY,79.40818586352142
108750,-2.8,2019-02-19,11:59:53,GERMANY,78.00989295799947
105020,-1.0,2019-02-19,11:59:53,GERMANY,75.9768372093094
105010,-0.7,2019-02-19,11:59:53,GERMANY,75.45893934782741
107390,-1.0,2019-02-19,11:59:53,GERMANY,73.15976713684621
108580,-1.1,2019-02-19,11:59:53,GERMANY,66.75155360285038
108600,-1.4,2019-02-19,11:59:53,GERMANY,75.90716599426204
749538,-6.8,2019-02-19,11:59:53,GERMANY,74.34656261316725
104860,-2.6,2019-02-19,11:59:53,GERMANY,88.08571929575362
103060,-1.1,2019-02-19,11:59:53,GERMANY,83.74519960284174
104570,1.3,2019-02-19,11:59:53,GERMANY,77.5093179930462
104440,-2.0,2019-02-19,11:59:53,GERMANY,76.96280935705089
94540,-4.0,2019-02-19,11:59:53,GERMANY,80.24610387226318
103820,-1.4,2019-02-19,11:59:53,GERMANY,77.64761274885284
103810,-1.1,2019-02-19,11:59:53,GERMANY,77.11370669823475
104750,0.0,2019-02-19,11:59:53,GERMANY,84.50266982385106
104740,-1.7,2019-02-19,11:59:53,GERMANY,87.51374989399355
104730,1.0,2019-02-19,11:59:53,GERMANY,81.56827317877085
103790,-1.5,2019-02-19,11:59:53,GERMANY,86.88292413351203
107610,-3.2,2019-02-19,11:59:53,GERMANY,81.59925792974224
102420,-2.8,2019-02-19,11:59:53,GERMANY,92.81801621754057
104530,-6.1,2019-02-19,11:59:53,GERMANY,89.81157736031939
104880,-1.3,2019-02-19,11:59:53,GERMANY,84.98093440660494
101470,-2.2,2019-02-19,11:59:53,GERMANY,86.16238105929526
105480,-3.6,2019-02-19,11:59:53,GERMANY,80.92235184758377
105490,-4.4,2019-02-19,11:59:53,GERMANY,93.4305078057893
106070,-1.4,2019-02-19,11:59:53,GERMANY,81.23525927205625
107275,-0.3,2019-02-19,11:59:53,GERMANY,74.96469204900266
106810,-4.4,2019-02-19,11:59:53,GERMANY,69.72397292838998
108450,-2.3,2019-02-19,11:59:53,GERMANY,82.34377992374557
106370,-0.9,2019-02-19,11:59:53,GERMANY,81.9153576831926
105000,-0.7,2019-02-19,11:59:53,GERMANY,78.34720898714545
107240,-1.9,2019-02-19,11:59:53,GERMANY,81.16479448824111
107220,-0.5,2019-02-19,11:59:53,GERMANY,65.87442537976152
104160,0.6,2019-02-19,11:59:53,GERMANY,80.31727536067943
102030,-1.1,2019-02-19,11:59:53,GERMANY,81.88818220118466
102020,0.8,2019-02-19,11:59:53,GERMANY,85.84675595939146
101220,-1.9,2019-02-19,11:59:53,GERMANY,80.5548000779741
105020,-1.0,2019-02-19,11:59:54,GERMANY,75.9768372093094
105010,-0.6,2019-02-19,11:59:54,GERMANY,77.77806938026592
108522,0.7,2019-02-19,11:59:54,GERMANY,83.34967275003827
108520,-1.8,2019-02-19,11:59:54,GERMANY,79.96380790027541
92490,-1.7,2019-02-19,11:59:54,GERMANY,75.28128750464643
105540,-1.6,2019-02-19,11:59:54,GERMANY,83.68331978260576
105536,1.2,2019-02-19,11:59:54,GERMANY,84.64292532696574
108030,-0.3,2019-02-19,11:59:54,GERMANY,71.65397673643231
104390,-1.2,2019-02-19,11:59:54,GERMANY,84.36054888880211
102610,-1.3,2019-02-19,11:59:54,GERMANY,81.86094790890961
102620,-3.8,2019-02-19,11:59:54,GERMANY,86.64627538477579
108270,-2.0,2019-02-19,11:59:54,GERMANY,74.65702941357559
103490,0.0,2019-02-19,11:59:54,GERMANY,89.63234653902111
104060,-0.6,2019-02-19,11:59:54,GERMANY,78.95201166103134
100020,0.7,2019-02-19,11:59:54,GERMANY,80.33180889111607
106190,2.7,2019-02-19,11:59:54,GERMANY,84.20457462774044
106180,-1.1,2019-02-19,11:59:54,GERMANY,77.69666104909838
108950,-3.0,2019-02-19,11:59:54,GERMANY,73.90342258501218
104960,-2.8,2019-02-19,11:59:54,GERMANY,81.03699705385729
104990,-1.9,2019-02-19,11:59:54,GERMANY,84.91173588600893
107230,-0.3,2019-02-19,11:59:54,GERMANY,82.60813489100346
101610,0.2,2019-02-19,11:59:54,GERMANY,80.25898719247036
101630,-3.3,2019-02-19,11:59:54,GERMANY,84.74846176633238
105320,-1.6,2019-02-19,11:59:54,GERMANY,78.20355209831799
102240,-1.5,2019-02-19,11:59:54,GERMANY,83.69572298443917
109000,-1.3,2019-02-19,11:59:54,GERMANY,83.09651506375835
108530,-2.8,2019-02-19,11:59:54,GERMANY,78.00989295799947
92800,-2.6,2019-02-19,11:59:54,GERMANY,86.11947938804477
109470,-3.6,2019-02-19,11:59:54,GERMANY,84.07058255195648
94540,-4.0,2019-02-19,11:59:54,GERMANY,87.28748864154267
105190,-2.2,2019-02-19,11:59:54,GERMANY,61.05844224110025
100350,-1.6,2019-02-19,11:59:54,GERMANY,86.22637221239664
100340,-1.1,2019-02-19,11:59:54,GERMANY,84.37246432290571
100290,0.0,2019-02-19,11:59:54,GERMANY,88.97638355603272
102800,-1.9,2019-02-19,11:59:54,GERMANY,83.64602815720427
103630,0.6,2019-02-19,11:59:54,GERMANY,70.7630168157164
109290,-1.5,2019-02-19,11:59:54,GERMANY,77.04681450844737
103660,1.7,2019-02-19,11:59:54,GERMANY,85.32010578023011
107380,-1.4,2019-02-19,11:59:54,GERMANY,78.23559272895993
107340,-0.3,2019-02-19,11:59:54,GERMANY,78.99842475206793
95540,-2.8,2019-02-19,11:59:54,GERMANY,82.2767865494446
93590,-3.7,2019-02-19,11:59:54,GERMANY,79.06854715852872
102150,-1.0,2019-02-19,11:59:54,GERMANY,83.13484176183611
100380,-1.0,2019-02-19,11:59:54,GERMANY,86.28993308116371
100370,-1.2,2019-02-19,11:59:54,GERMANY,87.56215762290277
106370,-1.1,2019-02-19,11:59:54,GERMANY,79.46909218142295
106320,-0.7,2019-02-19,11:59:54,GERMANY,87.61029144157635
93930,-2.1,2019-02-19,11:59:54,GERMANY,76.9459561167659
109610,-10.4,2019-02-19,11:59:54,GERMANY,76.7247727739827
109620,-1.9,2019-02-19,11:59:54,GERMANY,76.9796451643905
106880,-2.5,2019-02-19,11:59:54,GERMANY,78.65463949379264
103350,-0.2,2019-02-19,11:59:54,GERMANY,78.42643700684911
101930,-2.9,2019-02-19,11:59:54,GERMANY,88.05768661573394
102810,0.0,2019-02-19,11:59:54,GERMANY,84.50266982385106
105780,-3.8,2019-02-19,11:59:54,GERMANY,94.88140896596231
105770,-3.2,2019-02-19,11:59:54,GERMANY,82.85083287594124
101130,-0.1,2019-02-19,11:59:54,GERMANY,83.24907146554085
90910,-1.1,2019-02-19,11:59:54,GERMANY,78.87433099158683
108580,-3.6,2019-02-19,11:59:54,GERMANY,80.30544167955928
108600,-1.2,2019-02-19,11:59:54,GERMANY,74.80246902916817
104540,-3.3,2019-02-19,11:59:54,GERMANY,80.96546006752135
109711,-8.7,2019-02-19,11:59:54,GERMANY,79.52930724442871
105520,-6.9,2019-02-19,11:59:54,GERMANY,96.96891959312612
108690,-1.8,2019-02-19,11:59:54,GERMANY,85.56206319599663
91610,-1.9,2019-02-19,11:59:54,GERMANY,80.5548000779741
108750,-2.8,2019-02-19,11:59:54,GERMANY,78.00989295799947
101624,1.5,2019-02-19,11:59:54,GERMANY,91.72435105065941
101620,-3.0,2019-02-19,11:59:54,GERMANY,84.78366424045392
108560,-3.2,2019-02-19,11:59:54,GERMANY,82.85083287594124
101500,0.0,2019-02-19,11:59:54,GERMANY,92.97695284762996
104860,-2.6,2019-02-19,11:59:54,GERMANY,88.08571929575362
106330,-1.1,2019-02-19,11:59:54,GERMANY,78.28352823218393
106150,-1.4,2019-02-19,11:59:54,GERMANY,79.4234366046028
94880,-2.1,2019-02-19,11:59:54,GERMANY,82.99369340790678
94800,-1.0,2019-02-19,11:59:54,GERMANY,74.27525388002506
94490,-3.4,2019-02-19,11:59:54,GERMANY,84.73670134076748
101770,-3.1,2019-02-19,11:59:54,GERMANY,91.41737081325019
101730,1.9,2019-02-19,11:59:54,GERMANY,84.10944082837824
100550,0.4,2019-02-19,11:59:54,GERMANY,92.32365562678638
107880,-1.9,2019-02-19,11:59:54,GERMANY,78.15536527416963
95520,-3.1,2019-02-19,11:59:54,GERMANY,92.80067227220137
107270,-0.9,2019-02-19,11:59:54,GERMANY,77.14704930115211
93790,-1.7,2019-02-19,11:59:54,GERMANY,74.71170697020865
107290,-0.7,2019-02-19,11:59:54,GERMANY,75.45893934782741
108180,-3.3,2019-02-19,11:59:54,GERMANY,84.10725230053164
107040,-1.8,2019-02-19,11:59:54,GERMANY,82.41040894379563
106580,-2.0,2019-02-19,11:59:54,GERMANY,72.9682225752377
106570,3.3,2019-02-19,11:59:54,GERMANY,85.4964614595288
100040,-1.7,2019-02-19,11:59:54,GERMANY,87.51374989399355
95820,-4.5,2019-02-19,11:59:54,GERMANY,94.13621765470529
101290,-0.7,2019-02-19,11:59:54,GERMANY,83.17304304715488
101270,0.7,2019-02-19,11:59:54,GERMANY,91.67213959102538
102790,-3.1,2019-02-19,11:59:54,GERMANY,84.13163089871593
103820,-1.3,2019-02-19,11:59:54,GERMANY,80.64172922208645
103810,-1.1,2019-02-19,11:59:54,GERMANY,77.11370669823475
107635,-5.4,2019-02-19,11:59:54,GERMANY,81.92244882399388
101850,-2.7,2019-02-19,11:59:54,GERMANY,89.41025754513457
101840,-2.0,2019-02-19,11:59:54,GERMANY,81.76516242230612
105000,-0.7,2019-02-19,11:59:54,GERMANY,78.34720898714545
105500,-9.0,2019-02-19,11:59:54,GERMANY,90.99842736721858
94790,-3.0,2019-02-19,11:59:54,GERMANY,81.00842863964726
106850,-4.2,2019-02-19,11:59:54,GERMANY,83.3559861453321
106870,-3.2,2019-02-19,11:59:54,GERMANY,82.22292781430177
107650,-2.1,2019-02-19,11:59:54,GERMANY,82.3704751131853
92610,-2.3,2019-02-19,11:59:54,GERMANY,81.72388863150017
107655,-6.2,2019-02-19,11:59:54,GERMANY,69.33750077672094
101470,-2.2,2019-02-19,11:59:54,GERMANY,82.35713479543996
104710,-3.3,2019-02-19,11:59:54,GERMANY,78.52763818180189
104810,-7.8,2019-02-19,11:59:54,GERMANY,93.24548454890963
106070,-1.4,2019-02-19,11:59:54,GERMANY,77.64761274885284
104100,-0.4,2019-02-19,11:59:54,GERMANY,81.98304014690993
95690,3.3,2019-02-19,11:59:54,GERMANY,76.15184994205936
104570,1.3,2019-02-19,11:59:54,GERMANY,77.5093179930462
104440,-2.0,2019-02-19,11:59:54,GERMANY,80.54025751338591
102700,-1.1,2019-02-19,11:59:54,GERMANY,82.50308223447652
103210,-0.1,2019-02-19,11:59:54,GERMANY,86.38447573255593
103200,-1.1,2019-02-19,11:59:54,GERMANY,78.28352823218393
104920,0.0,2019-02-19,11:59:54,GERMANY,80.82817419918915
104900,-3.1,2019-02-19,11:59:54,GERMANY,79.16196390427285
105670,-3.8,2019-02-19,11:59:54,GERMANY,85.33736509759225
105690,-2.3,2019-02-19,11:59:54,GERMANY,86.15167377040474
102350,-1.4,2019-02-19,11:59:54,GERMANY,75.90716599426204
104020,-1.4,2019-02-19,11:59:54,GERMANY,80.62727976536964
104240,-6.0,2019-02-19,11:59:54,GERMANY,82.47927932706011
94740,-1.8,2019-02-19,11:59:54,GERMANY,78.7648899723066
91840,-2.0,2019-02-19,11:59:54,GERMANY,77.54905596403343
107610,-3.4,2019-02-19,11:59:54,GERMANY,82.82467221694615
104530,-6.1,2019-02-19,11:59:54,GERMANY,87.07563158036209
104880,-1.4,2019-02-19,11:59:54,GERMANY,85.60640137924295
106390,-1.6,2019-02-19,11:59:54,GERMANY,75.29913394243516
106600,-1.2,2019-02-19,11:59:54,GERMANY,87.56215762290277
105420,-2.5,2019-02-19,11:59:54,GERMANY,79.25478703365184
105460,-3.1,2019-02-19,11:59:54,GERMANY,90.73261527548736
105440,-2.7,2019-02-19,11:59:54,GERMANY,89.41025754513457
104800,-1.9,2019-02-19,11:59:54,GERMANY,84.91173588600893
104790,-2.9,2019-02-19,11:59:54,GERMANY,88.72337386820269
104520,-4.4,2019-02-19,11:59:54,GERMANY,83.97219532885657
100150,1.1,2019-02-19,11:59:54,GERMANY,84.01347470854151
106810,-4.6,2019-02-19,11:59:54,GERMANY,73.60052364713539
108930,-2.1,2019-02-19,11:59:54,GERMANY,85.52867906764334
104010,1.3,2019-02-19,11:59:54,GERMANY,85.27552989631751
106480,0.3,2019-02-19,11:59:54,GERMANY,80.87083406774532
103340,-0.6,2019-02-19,11:59:54,GERMANY,79.5448639297452
91850,1.1,2019-02-19,11:59:54,GERMANY,89.07017745770347
103680,-0.9,2019-02-19,11:59:54,GERMANY,87.59107065471973
100330,-0.4,2019-02-19,11:59:54,GERMANY,84.45550501023716
103610,-1.9,2019-02-19,11:59:54,GERMANY,86.19443065553102
101420,0.0,2019-02-19,11:59:54,GERMANY,87.03397643353166
103930,-2.5,2019-02-19,11:59:54,GERMANY,87.43572274269725
103050,-0.8,2019-02-19,11:59:54,GERMANY,72.0985429477903
104374,2.6,2019-02-19,11:59:54,GERMANY,85.41968699127102
95770,-2.2,2019-02-19,11:59:54,GERMANY,82.35713479543996
102910,-1.9,2019-02-19,11:59:54,GERMANY,83.0194833278904
108050,-0.9,2019-02-19,11:59:54,GERMANY,72.07887991924905
107370,-0.5,2019-02-19,11:59:54,GERMANY,77.79430041690209
102490,-2.7,2019-02-19,11:59:54,GERMANY,86.10872369676508
107420,-1.7,2019-02-19,11:59:54,GERMANY,77.01326456912669
116690,-0.9,2019-02-19,11:59:54,GERMANY,97.82941445683063
108354,-1.7,2019-02-19,11:59:54,GERMANY,68.69454791502105
108360,-2.0,2019-02-19,11:59:54,GERMANY,79.33168958072388
104380,-1.3,2019-02-19,11:59:54,GERMANY,83.09651506375835
108650,-1.6,2019-02-19,11:59:54,GERMANY,74.72989604219624
108640,-5.4,2019-02-19,11:59:54,GERMANY,78.18909992766955
105100,-3.7,2019-02-19,11:59:54,GERMANY,85.34872035971092
106750,-3.5,2019-02-19,11:59:54,GERMANY,73.80929078968776
104690,-0.1,2019-02-19,11:59:54,GERMANY,90.95004026038586
104700,-2.4,2019-02-19,11:59:54,GERMANY,85.4951825520294
105480,-3.6,2019-02-19,11:59:54,GERMANY,80.92235184758377
105490,-4.8,2019-02-19,11:59:54,GERMANY,96.289140778588
103590,-3.0,2019-02-19,11:59:54,GERMANY,88.0483209296803
100060,0.7,2019-02-19,11:59:54,GERMANY,89.688807804387
100050,0.1,2019-02-19,11:59:54,GERMANY,82.05035854735597
108150,-2.9,2019-02-19,11:59:54,GERMANY,82.88996614705673
104260,0.4,2019-02-19,11:59:54,GERMANY,79.10615602375698
104270,-2.8,2019-02-19,11:59:54,GERMANY,88.0670415614579
94530,-6.5,2019-02-19,11:59:54,GERMANY,88.3972763101237
107710,-2.7,2019-02-19,11:59:54,GERMANY,81.05125813393065
94990,-1.7,2019-02-19,11:59:54,GERMANY,83.04521680585705
106700,-2.2,2019-02-19,11:59:54,GERMANY,82.35713479543996
106140,-1.5,2019-02-19,11:59:54,GERMANY,75.88970368487271
106130,-2.2,2019-02-19,11:59:54,GERMANY,81.7376614808328
100465,0.5,2019-02-19,11:59:54,GERMANY,86.44697709017416
103790,-1.6,2019-02-19,11:59:54,GERMANY,87.52345344935553
104180,-1.6,2019-02-19,11:59:54,GERMANY,88.17846894760257
109800,-4.6,2019-02-19,11:59:54,GERMANY,66.47122447001261
106420,-2.3,2019-02-19,11:59:54,GERMANY,87.4552962106206
102740,-5.9,2019-02-19,11:59:54,GERMANY,92.63576343728195
95780,-7.1,2019-02-19,11:59:54,GERMANY,98.47151344422662
109350,-1.8,2019-02-19,11:59:54,GERMANY,72.4519883479604
109340,-0.4,2019-02-19,11:59:54,GERMANY,78.39479537175046
95580,-1.5,2019-02-19,11:59:54,GERMANY,90.1774608388735
107275,-0.3,2019-02-19,11:59:54,GERMANY,70.579650243293
94920,-2.4,2019-02-19,11:59:54,GERMANY,78.07471676703601
103870,-5.7,2019-02-19,11:59:54,GERMANY,86.4460557170488
103140,-1.5,2019-02-19,11:59:54,GERMANY,78.811891950711
106550,-1.3,2019-02-19,11:59:54,GERMANY,81.86094790890961
106530,0.0,2019-02-19,11:59:54,GERMANY,68.02172219426139
106710,-2.7,2019-02-19,11:59:54,GERMANY,73.39441726247577
107390,-1.0,2019-02-19,11:59:54,GERMANY,76.55168098505372
108450,-2.7,2019-02-19,11:59:54,GERMANY,84.81874890515078
100200,-0.3,2019-02-19,11:59:54,GERMANY,89.6080096958283
107750,2.4,2019-02-19,11:59:54,GERMANY,74.3419996899178
91620,-2.4,2019-02-19,11:59:54,GERMANY,74.01575737203987
103430,-1.0,2019-02-19,11:59:54,GERMANY,80.08263263285758
103480,-1.5,2019-02-19,11:59:54,GERMANY,79.40818586352142
106100,-2.0,2019-02-19,11:59:54,GERMANY,77.54905596403343
95480,-2.3,2019-02-19,11:59:54,GERMANY,76.91219724827847
95460,-8.7,2019-02-19,11:59:54,GERMANY,93.93035762391357
106090,-0.7,2019-02-19,11:59:54,GERMANY,79.52974156918084
105360,-2.8,2019-02-19,11:59:54,GERMANY,85.4503448647977
104680,0.8,2019-02-19,11:59:54,GERMANY,72.95337537204867
104160,0.5,2019-02-19,11:59:54,GERMANY,80.89919836445814
105060,-1.0,2019-02-19,11:59:54,GERMANY,79.48427856249697
94600,-3.3,2019-02-19,11:59:54,GERMANY,76.74234932853258
103980,-3.1,2019-02-19,11:59:54,GERMANY,79.76854464104072
100460,-1.4,2019-02-19,11:59:54,GERMANY,78.8275263389102
100450,-1.1,2019-02-19,11:59:54,GERMANY,81.27735653363702
101260,-1.2,2019-02-19,11:59:54,GERMANY,84.36054888880211
101360,-1.2,2019-02-19,11:59:54,GERMANY,84.99242267182647
104040,0.5,2019-02-19,11:59:54,GERMANY,80.30272644608333
107120,-1.2,2019-02-19,11:59:54,GERMANY,82.48988635479661
107450,-5.4,2019-02-19,11:59:54,GERMANY,86.47795916528355
102000,0.1,2019-02-19,11:59:54,GERMANY,93.66405884587398
102030,-1.1,2019-02-19,11:59:54,GERMANY,81.88818220118466
102020,0.8,2019-02-19,11:59:54,GERMANY,89.04471379115766
106163,-2.9,2019-02-19,11:59:54,GERMANY,38.81002910260135
106160,-1.5,2019-02-19,11:59:54,GERMANY,81.2211966382393
108370,-1.9,2019-02-19,11:59:54,GERMANY,77.56552485099058
102530,-1.6,2019-02-19,11:59:54,GERMANY,80.59833443379647
102540,-3.2,2019-02-19,11:59:54,GERMANY,89.36836397821901
103250,-0.5,2019-02-19,11:59:54,GERMANY,69.47754740486631
107550,-2.8,2019-02-19,11:59:54,GERMANY,84.16809733012423
107520,-4.2,2019-02-19,11:59:54,GERMANY,65.52489931966485
100260,-1.5,2019-02-19,11:59:54,GERMANY,86.88292413351203
100280,-0.7,2019-02-19,11:59:54,GERMANY,88.91608040381527
105550,-2.7,2019-02-19,11:59:54,GERMANY,84.81874890515078
102180,-1.6,2019-02-19,11:59:54,GERMANY,81.81998584835767
102460,-0.7,2019-02-19,11:59:54,GERMANY,87.61029144157635
93980,-0.4,2019-02-19,11:59:54,GERMANY,77.23010536385337
107100,0.0,2019-02-19,11:59:54,GERMANY,88.97638355603272
107080,-1.3,2019-02-19,11:59:54,GERMANY,81.24930678555353
103850,-1.5,2019-02-19,11:59:54,GERMANY,85.5953354214086
103840,-1.0,2019-02-19,11:59:54,GERMANY,82.51626377978262
103060,-1.1,2019-02-19,11:59:54,GERMANY,79.46909218142295
104750,0.0,2019-02-19,11:59:54,GERMANY,78.45801274465607
104740,-1.7,2019-02-19,11:59:54,GERMANY,84.3007737136478
104730,1.0,2019-02-19,11:59:54,GERMANY,78.03575889953693
104480,-1.9,2019-02-19,11:59:54,GERMANY,89.47678462336837
101560,-1.5,2019-02-19,11:59:54,GERMANY,78.811891950711
103380,-1.6,2019-02-19,11:59:54,GERMANY,81.81998584835767
91700,-1.5,2019-02-19,11:59:54,GERMANY,82.45021251134898
109080,-4.6,2019-02-19,11:59:54,GERMANY,76.51889372990384
103130,-1.6,2019-02-19,11:59:54,GERMANY,76.44918738625157
103134,-5.7,2019-02-19,11:59:54,GERMANY,70.5526068312668
104300,-1.8,2019-02-19,11:59:54,GERMANY,79.96380790027541
107240,-1.9,2019-02-19,11:59:54,GERMANY,84.2767708919623
107220,-0.5,2019-02-19,11:59:54,GERMANY,70.0063298331612
106280,-2.4,2019-02-19,11:59:54,GERMANY,54.219400176786
94900,-0.6,2019-02-19,11:59:54,GERMANY,74.91078107095738
100220,-1.4,2019-02-19,11:59:54,GERMANY,83.08371153761347
104000,-0.3,2019-02-19,11:59:54,GERMANY,76.09807986545657
107280,-2.4,2019-02-19,11:59:54,GERMANY,86.14095440727021
94690,-1.7,2019-02-19,11:59:54,GERMANY,84.3007737136478
106350,-3.3,2019-02-19,11:59:54,GERMANY,88.02015926944578
106260,-2.7,2019-02-19,11:59:54,GERMANY,81.66864756487313
104760,-1.6,2019-02-19,11:59:54,GERMANY,82.43695909584848
107320,0.6,2019-02-19,11:59:54,GERMANY,80.31727536067943
107140,-0.6,2019-02-19,11:59:54,GERMANY,84.43184451285215
101310,-0.8,2019-02-19,11:59:54,GERMANY,77.74555674251866
101280,-2.1,2019-02-19,11:59:54,GERMANY,79.31634165858165
94960,-1.2,2019-02-19,11:59:54,GERMANY,78.26756642785212
104660,-3.4,2019-02-19,11:59:54,GERMANY,80.33501490576475
104490,-2.0,2019-02-19,11:59:54,GERMANY,90.81322274527174
109630,-3.7,2019-02-19,11:59:54,GERMANY,74.92051960143122
107760,-2.1,2019-02-19,11:59:54,GERMANY,85.52867906764334
107910,-5.2,2019-02-19,11:59:54,GERMANY,75.82074078377596
103150,-0.5,2019-02-19,11:59:54,GERMANY,83.81900805895471
103170,-1.2,2019-02-19,11:59:54,GERMANY,74.80246902916817
93610,-1.0,2019-02-19,11:59:54,GERMANY,79.48427856249697
105820,-7.2,2019-02-19,11:59:54,GERMANY,99.23248980130217
102380,-0.9,2019-02-19,11:59:54,GERMANY,86.94365177754374
101220,-1.9,2019-02-19,11:59:54,GERMANY,80.5548000779741
95490,-1.1,2019-02-19,11:59:54,GERMANY,97.82586144679071
104600,-1.8,2019-02-19,11:59:54,GERMANY,80.56932707226292
109480,-2.9,2019-02-19,11:59:54,GERMANY,80.40867029213906
109460,-4.7,2019-02-19,11:59:54,GERMANY,82.01884392190053
108570,-3.2,2019-02-19,11:59:54,GERMANY,80.36452457668949
91770,-2.8,2019-02-19,11:59:54,GERMANY,78.60713964579455
107640,-2.0,2019-02-19,11:59:54,GERMANY,75.2276392707879
107630,-2.3,2019-02-19,11:59:54,GERMANY,79.28559697658389
93850,-2.6,2019-02-19,11:59:54,GERMANY,79.8439665677044
107430,-1.9,2019-02-19,11:59:54,GERMANY,79.34702125235998
105260,-2.2,2019-02-19,11:59:54,GERMANY,79.90401498906574
95780,-6.9,2019-02-19,11:59:55,GERMANY,94.01987580992541
107280,-2.2,2019-02-19,11:59:55,GERMANY,79.30097746439267
109630,-3.5,2019-02-19,11:59:55,GERMANY,79.70791629779015
105100,-3.7,2019-02-19,11:59:55,GERMANY,85.34872035971092
107610,-3.4,2019-02-19,11:59:55,GERMANY,77.91214558563478
107240,-1.7,2019-02-19,11:59:55,GERMANY,79.97871636443607
107220,-0.5,2019-02-19,11:59:55,GERMANY,70.0063298331612
107640,-2.0,2019-02-19,11:59:55,GERMANY,78.73347275884448
107630,-2.1,2019-02-19,11:59:55,GERMANY,78.12315655100815
100150,1.0,2019-02-19,11:59:55,GERMANY,86.4987425359005
102350,-1.4,2019-02-19,11:59:55,GERMANY,79.4234366046028
108370,-1.8,2019-02-19,11:59:55,GERMANY,72.4519883479604
104040,0.5,2019-02-19,11:59:55,GERMANY,83.94094829973909
104570,1.3,2019-02-19,11:59:55,GERMANY,74.69374964267011
106090,-0.6,2019-02-19,11:59:55,GERMANY,82.56884701216147
109350,-1.9,2019-02-19,11:59:55,GERMANY,68.65130228341825
109340,-0.4,2019-02-19,11:59:55,GERMANY,81.37505736783656
94790,-3.0,2019-02-19,11:59:55,GERMANY,78.57538942795716
103490,0.0,2019-02-19,11:59:55,GERMANY,93.65900343482977
107230,-0.3,2019-02-19,11:59:55,GERMANY,82.60813489100346
106850,-4.2,2019-02-19,11:59:55,GERMANY,87.26753121823879
106870,-3.2,2019-02-19,11:59:55,GERMANY,86.70860669045872
107275,-0.3,2019-02-19,11:59:55,GERMANY,74.96469204900266
109470,-3.6,2019-02-19,11:59:55,GERMANY,84.07058255195648
91850,1.1,2019-02-19,11:59:55,GERMANY,92.36598495645184
106880,-2.2,2019-02-19,11:59:55,GERMANY,76.92908542127303
102420,-2.8,2019-02-19,11:59:55,GERMANY,99.26024870546541
100550,0.3,2019-02-19,11:59:55,GERMANY,92.9936722542564
104920,0.0,2019-02-19,11:59:55,GERMANY,85.12929194305147
104900,-3.4,2019-02-19,11:59:55,GERMANY,85.38270954474834
100060,0.6,2019-02-19,11:59:55,GERMANY,90.3380952661415
100050,0.1,2019-02-19,11:59:55,GERMANY,83.27430397508597
106600,-1.3,2019-02-19,11:59:55,GERMANY,80.03819180261934
106750,-3.6,2019-02-19,11:59:55,GERMANY,78.47973530143709
106163,-3.2,2019-02-19,11:59:55,GERMANY,34.176553147078614
106160,-1.5,2019-02-19,11:59:55,GERMANY,81.2211966382393
107750,2.3,2019-02-19,11:59:55,GERMANY,74.872728966679
102530,-1.6,2019-02-19,11:59:55,GERMANY,80.59833443379647
102540,-2.8,2019-02-19,11:59:55,GERMANY,82.2767865494446
106370,-1.1,2019-02-19,11:59:55,GERMANY,83.12208015642001
104390,-1.4,2019-02-19,11:59:55,GERMANY,81.23525927205625
108690,-1.5,2019-02-19,11:59:55,GERMANY,83.69572298443917
91610,-1.9,2019-02-19,11:59:55,GERMANY,80.5548000779741
107320,0.6,2019-02-19,11:59:55,GERMANY,81.51336378101604
102030,-1.1,2019-02-19,11:59:55,GERMANY,81.88818220118466
102020,0.8,2019-02-19,11:59:55,GERMANY,89.04471379115766
103930,-2.4,2019-02-19,11:59:55,GERMANY,86.79105685807535
106590,-0.5,2019-02-19,11:59:55,GERMANY,81.3611450176722
95690,3.1,2019-02-19,11:59:55,GERMANY,77.23545730467063
101260,-1.2,2019-02-19,11:59:55,GERMANY,81.26333919925118
101360,-1.3,2019-02-19,11:59:55,GERMANY,81.86094790890961
94540,-3.8,2019-02-19,11:59:55,GERMANY,85.98960564474105
91700,-1.3,2019-02-19,11:59:55,GERMANY,78.25158793400846
106320,-0.7,2019-02-19,11:59:55,GERMANY,83.79445923402426
103480,-1.6,2019-02-19,11:59:55,GERMANY,79.99360896559583
104690,0.0,2019-02-19,11:59:55,GERMANY,90.29259655761705
104700,-2.4,2019-02-19,11:59:55,GERMANY,85.4951825520294
103350,-0.2,2019-02-19,11:59:55,GERMANY,78.42643700684911
102910,-1.9,2019-02-19,11:59:55,GERMANY,83.0194833278904
104440,-2.1,2019-02-19,11:59:55,GERMANY,77.53256992315755
101560,-1.5,2019-02-19,11:59:55,GERMANY,78.811891950711
94600,-3.3,2019-02-19,11:59:55,GERMANY,80.96546006752135
105670,-3.7,2019-02-19,11:59:55,GERMANY,84.70134099742087
105690,-2.3,2019-02-19,11:59:55,GERMANY,89.4435980623459
109000,-1.3,2019-02-19,11:59:55,GERMANY,79.4386712237424
101610,0.2,2019-02-19,11:59:55,GERMANY,80.25898719247036
101630,-3.5,2019-02-19,11:59:55,GERMANY,89.34311090987347
94880,-2.0,2019-02-19,11:59:55,GERMANY,82.38380089710469
94800,-1.0,2019-02-19,11:59:55,GERMANY,77.71297654080702
109290,-1.6,2019-02-19,11:59:55,GERMANY,80.59833443379647
103850,-1.5,2019-02-19,11:59:55,GERMANY,81.83365464511134
103840,-1.0,2019-02-19,11:59:55,GERMANY,79.48427856249697
102180,-1.8,2019-02-19,11:59:55,GERMANY,83.03235711229297
100465,0.5,2019-02-19,11:59:55,GERMANY,86.44697709017416
103680,-0.9,2019-02-19,11:59:55,GERMANY,87.59107065471973
108354,-1.8,2019-02-19,11:59:55,GERMANY,69.20182956959356
108360,-2.0,2019-02-19,11:59:55,GERMANY,82.38380089710469
95820,-4.5,2019-02-19,11:59:55,GERMANY,94.13621765470529
105820,-6.8,2019-02-19,11:59:55,GERMANY,92.58156914719413
109800,-4.6,2019-02-19,11:59:55,GERMANY,70.22960740072118
94920,-2.4,2019-02-19,11:59:55,GERMANY,78.07471676703601
109210,-2.6,2019-02-19,11:59:55,GERMANY,76.27695337702356
102800,-1.8,2019-02-19,11:59:55,GERMANY,80.56932707226292
95670,-2.3,2019-02-19,11:59:55,GERMANY,81.10814876309925
101720,-0.2,2019-02-19,11:59:55,GERMANY,89.61613129576551
101700,-1.1,2019-02-19,11:59:55,GERMANY,85.00389817953226
108930,-2.1,2019-02-19,11:59:55,GERMANY,80.52569935749416
105500,-8.7,2019-02-19,11:59:55,GERMANY,85.44050514218969
108660,-3.0,2019-02-19,11:59:55,GERMANY,83.5082321741002
104660,-3.6,2019-02-19,11:59:55,GERMANY,81.54347396337658
104490,-2.0,2019-02-19,11:59:55,GERMANY,87.48457293964655
104000,-0.3,2019-02-19,11:59:55,GERMANY,79.59013538172319
104020,-1.4,2019-02-19,11:59:55,GERMANY,80.62727976536964
105780,-4.3,2019-02-19,11:59:55,GERMANY,94.86047694127839
105770,-3.2,2019-02-19,11:59:55,GERMANY,82.85083287594124
103430,-1.0,2019-02-19,11:59:55,GERMANY,83.75753480564771
107370,-0.6,2019-02-19,11:59:55,GERMANY,74.91078107095738
101930,-2.9,2019-02-19,11:59:55,GERMANY,84.15595535615074
109480,-2.9,2019-02-19,11:59:55,GERMANY,75.64334723294039
109460,-4.7,2019-02-19,11:59:55,GERMANY,82.01884392190053
104060,-0.6,2019-02-19,11:59:55,GERMANY,78.95201166103134
93930,-2.0,2019-02-19,11:59:55,GERMANY,79.33168958072388
101624,1.3,2019-02-19,11:59:55,GERMANY,91.71134358979243
101620,-2.8,2019-02-19,11:59:55,GERMANY,83.53341058697568
103250,-0.6,2019-02-19,11:59:55,GERMANY,69.98552733403872
107550,-2.8,2019-02-19,11:59:55,GERMANY,77.41668546551502
107520,-4.0,2019-02-19,11:59:55,GERMANY,73.14507215310321
94490,-3.4,2019-02-19,11:59:55,GERMANY,84.73670134076748
100910,-0.8,2019-02-19,11:59:55,GERMANY,85.03824833910517
105480,-3.6,2019-02-19,11:59:55,GERMANY,84.71314097522273
105490,-4.4,2019-02-19,11:59:55,GERMANY,96.30135041451344
100260,-1.5,2019-02-19,11:59:55,GERMANY,83.0708939989399
100280,-0.7,2019-02-19,11:59:55,GERMANY,92.25643373622192
108750,-3.1,2019-02-19,11:59:55,GERMANY,79.76854464104072
103130,-1.8,2019-02-19,11:59:55,GERMANY,81.17891780918457
103134,-5.5,2019-02-19,11:59:55,GERMANY,71.7159466933593
108950,-3.0,2019-02-19,11:59:55,GERMANY,79.17747552158502
104760,-1.6,2019-02-19,11:59:55,GERMANY,86.22637221239664
105360,-2.8,2019-02-19,11:59:55,GERMANY,85.4503448647977
104480,-2.0,2019-02-19,11:59:55,GERMANY,88.14149638533925
103980,-3.1,2019-02-19,11:59:55,GERMANY,79.76854464104072
106580,-2.3,2019-02-19,11:59:55,GERMANY,78.09088028424121
106570,3.3,2019-02-19,11:59:55,GERMANY,85.4964614595288
94530,-6.8,2019-02-19,11:59:55,GERMANY,90.45369852597523
103870,-6.2,2019-02-19,11:59:55,GERMANY,86.39263892458291
104260,0.4,2019-02-19,11:59:55,GERMANY,81.48582086565779
104270,-2.8,2019-02-19,11:59:55,GERMANY,88.0670415614579
106190,2.5,2019-02-19,11:59:55,GERMANY,89.1878668734468
106180,-1.2,2019-02-19,11:59:55,GERMANY,78.26756642785212
102740,-5.6,2019-02-19,11:59:55,GERMANY,94.08331507163724
102490,-2.7,2019-02-19,11:59:55,GERMANY,82.29021449387338
105060,-1.0,2019-02-19,11:59:55,GERMANY,79.48427856249697
106770,-1.4,2019-02-19,11:59:55,GERMANY,81.8473086585495
105550,-2.7,2019-02-19,11:59:55,GERMANY,81.66864756487313
104750,0.0,2019-02-19,11:59:55,GERMANY,84.50266982385106
104740,-1.9,2019-02-19,11:59:55,GERMANY,88.81157197716426
104730,1.0,2019-02-19,11:59:55,GERMANY,78.03575889953693
107710,-2.8,2019-02-19,11:59:55,GERMANY,81.65479977799492
108450,-2.3,2019-02-19,11:59:55,GERMANY,79.88902689119759
103060,-1.1,2019-02-19,11:59:55,GERMANY,79.46909218142295
104010,1.3,2019-02-19,11:59:55,GERMANY,81.60930147291053
107650,-2.0,2019-02-19,11:59:55,GERMANY,81.76516242230612
92610,-2.4,2019-02-19,11:59:55,GERMANY,78.67043940329116
107655,-6.2,2019-02-19,11:59:55,GERMANY,72.14261803134369
104530,-6.1,2019-02-19,11:59:55,GERMANY,89.81157736031939
104880,-1.4,2019-02-19,11:59:55,GERMANY,82.46345151308137
103820,-1.4,2019-02-19,11:59:55,GERMANY,81.23525927205625
103810,-1.1,2019-02-19,11:59:55,GERMANY,80.67058182142841
102720,0.9,2019-02-19,11:59:55,GERMANY,75.17871627664627
91620,-2.4,2019-02-19,11:59:55,GERMANY,77.48300865569455
106330,-1.1,2019-02-19,11:59:55,GERMANY,81.88818220118466
103340,-0.6,2019-02-19,11:59:55,GERMANY,82.56884701216147
101770,-3.1,2019-02-19,11:59:55,GERMANY,87.37673377669944
101730,1.9,2019-02-19,11:59:55,GERMANY,84.10944082837824
91840,-2.0,2019-02-19,11:59:55,GERMANY,81.15065594389192
103630,0.6,2019-02-19,11:59:55,GERMANY,75.68721167444083
107120,-1.1,2019-02-19,11:59:55,GERMANY,85.00389817953226
92490,-1.7,2019-02-19,11:59:55,GERMANY,78.78057378902048
94960,-1.2,2019-02-19,11:59:55,GERMANY,78.26756642785212
106100,-2.0,2019-02-19,11:59:55,GERMANY,80.54025751338591
104680,0.7,2019-02-19,11:59:55,GERMANY,78.5680113451439
104300,-1.7,2019-02-19,11:59:55,GERMANY,79.37763593011418
106150,-1.4,2019-02-19,11:59:55,GERMANY,82.46345151308137
93980,-0.4,2019-02-19,11:59:55,GERMANY,77.23010536385337
107100,0.0,2019-02-19,11:59:55,GERMANY,90.29259655761705
107080,-1.3,2019-02-19,11:59:55,GERMANY,84.34862027928811
103210,-0.1,2019-02-19,11:59:55,GERMANY,89.62424357218286
103200,-1.2,2019-02-19,11:59:55,GERMANY,82.48988635479661
90910,-1.0,2019-02-19,11:59:55,GERMANY,78.29947336866519
102150,-1.0,2019-02-19,11:59:55,GERMANY,79.48427856249697
103050,-0.8,2019-02-19,11:59:55,GERMANY,72.0985429477903
104520,-4.4,2019-02-19,11:59:55,GERMANY,86.58351676374927
101220,-1.9,2019-02-19,11:59:55,GERMANY,84.2767708919623
104180,-1.6,2019-02-19,11:59:55,GERMANY,83.68331978260576
105260,-2.5,2019-02-19,11:59:55,GERMANY,81.69629807315559
103150,-0.5,2019-02-19,11:59:55,GERMANY,83.81900805895471
103170,-1.2,2019-02-19,11:59:55,GERMANY,74.80246902916817
102700,-1.1,2019-02-19,11:59:55,GERMANY,82.50308223447652
106350,-3.0,2019-02-19,11:59:55,GERMANY,88.71449803194277
106260,-2.5,2019-02-19,11:59:55,GERMANY,84.20444246287285
95770,-2.5,2019-02-19,11:59:55,GERMANY,81.07973414490077
107760,-2.1,2019-02-19,11:59:55,GERMANY,85.52867906764334
103590,-2.7,2019-02-19,11:59:55,GERMANY,81.66864756487313
94690,-1.7,2019-02-19,11:59:55,GERMANY,80.58383851722401
102240,-1.5,2019-02-19,11:59:55,GERMANY,83.69572298443917
104710,-3.2,2019-02-19,11:59:55,GERMANY,81.59925792974224
104810,-7.8,2019-02-19,11:59:55,GERMANY,87.58581710494188
108580,-3.6,2019-02-19,11:59:55,GERMANY,84.71314097522273
108600,-1.4,2019-02-19,11:59:55,GERMANY,75.90716599426204
108530,-2.6,2019-02-19,11:59:55,GERMANY,76.86142764087323
92800,-2.4,2019-02-19,11:59:55,GERMANY,84.85371626540106
105130,-1.0,2019-02-19,11:59:55,GERMANY,80.08263263285758
105140,-1.3,2019-02-19,11:59:55,GERMANY,78.25158793400846
105150,0.0,2019-02-19,11:59:55,GERMANY,72.80046443392642
106420,-2.2,2019-02-19,11:59:55,GERMANY,86.81155277289227
95480,-2.0,2019-02-19,11:59:55,GERMANY,78.73347275884448
95460,-9.3,2019-02-19,11:59:55,GERMANY,91.69955057295894
100020,0.7,2019-02-19,11:59:55,GERMANY,80.92750235774244
106810,-4.6,2019-02-19,11:59:55,GERMANY,73.60052364713539
107910,-5.2,2019-02-19,11:59:55,GERMANY,75.82074078377596
105020,-1.1,2019-02-19,11:59:55,GERMANY,80.67058182142841
105010,-0.6,2019-02-19,11:59:55,GERMANY,74.91078107095738
106070,-0.5,2019-02-19,11:59:55,GERMANY,72.70428343953884
106550,-1.5,2019-02-19,11:59:55,GERMANY,80.0084857249258
106530,0.0,2019-02-19,11:59:55,GERMANY,73.34942491705195
106710,-2.7,2019-02-19,11:59:55,GERMANY,77.43329220486362
101420,0.0,2019-02-19,11:59:55,GERMANY,90.29259655761705
103790,-1.6,2019-02-19,11:59:55,GERMANY,90.16971378995248
93590,-3.7,2019-02-19,11:59:55,GERMANY,79.06854715852872
106280,-2.4,2019-02-19,11:59:55,GERMANY,60.06089573118185
106140,-0.5,2019-02-19,11:59:55,GERMANY,74.36705189276533
106130,-2.2,2019-02-19,11:59:55,GERMANY,81.7376614808328
104160,0.5,2019-02-19,11:59:55,GERMANY,80.89919836445814
106700,-2.3,2019-02-19,11:59:55,GERMANY,82.96784688825748
101470,-2.2,2019-02-19,11:59:55,GERMANY,82.35713479543996
108150,-2.6,2019-02-19,11:59:55,GERMANY,81.06550382396372
107880,-2.0,2019-02-19,11:59:55,GERMANY,83.63357021133505
95580,-1.5,2019-02-19,11:59:55,GERMANY,86.88292413351203
105570,-4.6,2019-02-19,11:59:55,GERMANY,90.62100631508898
105580,-4.4,2019-02-19,11:59:55,GERMANY,91.32756880233896
105590,-1.6,2019-02-19,11:59:55,GERMANY,91.51929371619761
108522,0.7,2019-02-19,11:59:55,GERMANY,80.92750235774244
108520,-1.5,2019-02-19,11:59:55,GERMANY,78.21958079098191
105000,-0.8,2019-02-19,11:59:55,GERMANY,82.54258394631562
93850,-2.7,2019-02-19,11:59:55,GERMANY,80.4380218244171
107430,-1.9,2019-02-19,11:59:55,GERMANY,83.0194833278904
103610,-1.7,2019-02-19,11:59:55,GERMANY,84.9348534060726
95490,-1.1,2019-02-19,11:59:55,GERMANY,94.99228220742569
94900,-0.6,2019-02-19,11:59:55,GERMANY,74.91078107095738
108270,-2.0,2019-02-19,11:59:55,GERMANY,78.73347275884448
100330,-0.3,2019-02-19,11:59:55,GERMANY,86.36354855988624
108050,-0.8,2019-02-19,11:59:55,GERMANY,71.55441350851594
100200,-0.3,2019-02-19,11:59:55,GERMANY,89.6080096958283
94740,-1.7,2019-02-19,11:59:55,GERMANY,78.18750662917994
100380,-1.0,2019-02-19,11:59:55,GERMANY,82.51626377978262
100370,-1.3,2019-02-19,11:59:55,GERMANY,84.34862027928811
103800,-4.1,2019-02-19,11:59:55,GERMANY,84.65400867658627
108030,-0.3,2019-02-19,11:59:55,GERMANY,71.65397673643231
95540,-2.5,2019-02-19,11:59:55,GERMANY,80.46731039966487
104800,-1.9,2019-02-19,11:59:55,GERMANY,84.91173588600893
104790,-3.0,2019-02-19,11:59:55,GERMANY,89.3851505634672
104240,-5.6,2019-02-19,11:59:55,GERMANY,80.00617574264004
105520,-6.5,2019-02-19,11:59:55,GERMANY,91.17954904430829
107450,-5.6,2019-02-19,11:59:55,GERMANY,87.8009902408513
107380,-1.4,2019-02-19,11:59:55,GERMANY,78.23559272895993
107340,-0.4,2019-02-19,11:59:55,GERMANY,79.57506081497286
100220,-1.4,2019-02-19,11:59:55,GERMANY,86.89307400146683
104380,-1.3,2019-02-19,11:59:55,GERMANY,83.09651506375835
104860,-2.4,2019-02-19,11:59:55,GERMANY,84.21653064104535
94990,-1.7,2019-02-19,11:59:55,GERMANY,79.97871636443607
109711,-8.7,2019-02-19,11:59:55,GERMANY,79.52930724442871
101850,-2.4,2019-02-19,11:59:55,GERMANY,84.21653064104535
101840,-2.0,2019-02-19,11:59:55,GERMANY,84.26474953060415
101310,-0.8,2019-02-19,11:59:55,GERMANY,80.71374524638902
101280,-2.0,2019-02-19,11:59:55,GERMANY,81.76516242230612
109610,-10.0,2019-02-19,11:59:55,GERMANY,71.36517825942107
109620,-1.6,2019-02-19,11:59:55,GERMANY,75.29913394243516
104374,2.6,2019-02-19,11:59:55,GERMANY,82.9814171583911
103660,1.7,2019-02-19,11:59:55,GERMANY,85.32010578023011
95520,-3.1,2019-02-19,11:59:55,GERMANY,92.80067227220137
102610,-1.1,2019-02-19,11:59:55,GERMANY,77.11370669823475
102620,-4.0,2019-02-19,11:59:55,GERMANY,87.9540698177762
100040,-1.7,2019-02-19,11:59:55,GERMANY,87.51374989399355
107060,-1.9,2019-02-19,11:59:55,GERMANY,78.15536527416963
106390,-1.6,2019-02-19,11:59:55,GERMANY,75.29913394243516
101500,0.0,2019-02-19,11:59:55,GERMANY,92.97695284762996
105190,-2.2,2019-02-19,11:59:55,GERMANY,61.05844224110025
93610,-1.2,2019-02-19,11:59:55,GERMANY,80.65616323384695
105420,-2.4,2019-02-19,11:59:55,GERMANY,78.67043940329116
105460,-3.3,2019-02-19,11:59:55,GERMANY,92.09404498937849
105440,-2.7,2019-02-19,11:59:55,GERMANY,89.41025754513457
108560,-3.2,2019-02-19,11:59:55,GERMANY,77.9447965014694
91770,-2.6,2019-02-19,11:59:55,GERMANY,81.06550382396372
106480,0.3,2019-02-19,11:59:55,GERMANY,80.87083406774532
102380,-0.9,2019-02-19,11:59:55,GERMANY,89.5590835183978
102810,0.0,2019-02-19,11:59:55,GERMANY,87.67722242964999
100350,-0.6,2019-02-19,11:59:55,GERMANY,80.14166715382176
100340,-1.1,2019-02-19,11:59:55,GERMANY,84.37246432290571
100290,0.0,2019-02-19,11:59:55,GERMANY,88.97638355603272
104960,-2.9,2019-02-19,11:59:55,GERMANY,81.64093694175408
104990,-1.7,2019-02-19,11:59:55,GERMANY,83.67090292359322
107390,-1.0,2019-02-19,11:59:55,GERMANY,73.15976713684621
102790,-3.5,2019-02-19,11:59:55,GERMANY,82.81157028363086
107635,-5.4,2019-02-19,11:59:55,GERMANY,81.92244882399388
109080,-4.9,2019-02-19,11:59:55,GERMANY,81.3604877373257
108680,-2.2,2019-02-19,11:59:55,GERMANY,76.34605975397962
104600,-1.8,2019-02-19,11:59:55,GERMANY,83.65847238820285
108380,-1.8,2019-02-19,11:59:55,GERMANY,83.03235711229297
92700,-1.6,2019-02-19,11:59:55,GERMANY,77.03004821089145
108460,-12.3,2019-02-19,11:59:55,GERMANY,91.49132028657117
92910,-2.4,2019-02-19,11:59:55,GERMANY,82.33041047794639
105320,-1.6,2019-02-19,11:59:55,GERMANY,81.20711886355025
116690,-0.9,2019-02-19,11:59:55,GERMANY,97.82941445683063
101130,-0.1,2019-02-19,11:59:55,GERMANY,81.41670499971441
103140,-1.5,2019-02-19,11:59:55,GERMANY,78.811891950711
106880,-2.2,2019-02-19,11:59:56,GERMANY,76.92908542127303
102790,-3.1,2019-02-19,11:59:56,GERMANY,84.13163089871593
106370,-0.9,2019-02-19,11:59:56,GERMANY,78.31540185892568
101290,-0.7,2019-02-19,11:59:56,GERMANY,83.17304304715488
101270,0.7,2019-02-19,11:59:56,GERMANY,91.67213959102538
103870,-6.2,2019-02-19,11:59:56,GERMANY,89.80340211826162
103850,-1.5,2019-02-19,11:59:56,GERMANY,81.83365464511134
103840,-1.2,2019-02-19,11:59:56,GERMANY,80.65616323384695
104920,0.0,2019-02-19,11:59:56,GERMANY,85.12929194305147
104900,-3.1,2019-02-19,11:59:56,GERMANY,79.16196390427285
109711,-8.1,2019-02-19,11:59:56,GERMANY,75.90199964771797
106150,-1.4,2019-02-19,11:59:56,GERMANY,82.46345151308137
107650,-2.1,2019-02-19,11:59:56,GERMANY,82.3704751131853
92610,-2.4,2019-02-19,11:59:56,GERMANY,78.67043940329116
107655,-6.5,2019-02-19,11:59:56,GERMANY,73.81660080344847
109080,-4.6,2019-02-19,11:59:56,GERMANY,79.53984354233867
109800,-5.1,2019-02-19,11:59:56,GERMANY,69.02855783188659
104680,0.8,2019-02-19,11:59:56,GERMANY,72.95337537204867
108660,-2.8,2019-02-19,11:59:56,GERMANY,82.2767865494446
108950,-3.0,2019-02-19,11:59:56,GERMANY,73.90342258501218
102240,-1.6,2019-02-19,11:59:56,GERMANY,84.31275521162189
109630,-3.7,2019-02-19,11:59:56,GERMANY,80.90795130918895
108380,-2.1,2019-02-19,11:59:56,GERMANY,84.888566823612
92700,-1.8,2019-02-19,11:59:56,GERMANY,81.17891780918457
108460,-13.2,2019-02-19,11:59:56,GERMANY,98.38993344899094
92910,-2.4,2019-02-19,11:59:56,GERMANY,82.33041047794639
104440,-2.1,2019-02-19,11:59:56,GERMANY,81.13650215542222
100330,-0.4,2019-02-19,11:59:56,GERMANY,84.45550501023716
100460,-1.4,2019-02-19,11:59:56,GERMANY,78.8275263389102
100450,-1.1,2019-02-19,11:59:56,GERMANY,77.69666104909838
93850,-2.6,2019-02-19,11:59:56,GERMANY,79.8439665677044
107430,-1.7,2019-02-19,11:59:56,GERMANY,78.18750662917994
94540,-3.8,2019-02-19,11:59:56,GERMANY,85.98960564474105
116690,-0.9,2019-02-19,11:59:56,GERMANY,97.82941445683063
108530,-2.6,2019-02-19,11:59:56,GERMANY,81.68248032305043
92800,-2.4,2019-02-19,11:59:56,GERMANY,84.85371626540106
105520,-6.5,2019-02-19,11:59:56,GERMANY,94.03950264398935
105820,-6.8,2019-02-19,11:59:56,GERMANY,96.22718229292192
94530,-6.8,2019-02-19,11:59:56,GERMANY,93.30069641572979
108650,-1.3,2019-02-19,11:59:56,GERMANY,73.10250290070374
108640,-5.4,2019-02-19,11:59:56,GERMANY,78.18909992766955
106190,2.5,2019-02-19,11:59:56,GERMANY,85.40867099332952
106180,-1.1,2019-02-19,11:59:56,GERMANY,77.69666104909838
101720,-0.2,2019-02-19,11:59:56,GERMANY,87.01398330813788
101700,-1.3,2019-02-19,11:59:56,GERMANY,86.2582061987877
93930,-2.1,2019-02-19,11:59:56,GERMANY,79.91898711759025
94900,-0.6,2019-02-19,11:59:56,GERMANY,74.91078107095738
102910,-2.2,2019-02-19,11:59:56,GERMANY,84.87696291797194
104860,-2.4,2019-02-19,11:59:56,GERMANY,84.21653064104535
106090,-0.6,2019-02-19,11:59:56,GERMANY,78.95201166103134
100910,-0.7,2019-02-19,11:59:56,GERMANY,86.32155332356248
100380,-1.1,2019-02-19,11:59:56,GERMANY,86.92345491316311
100370,-1.2,2019-02-19,11:59:56,GERMANY,83.7328508383739
102150,-1.0,2019-02-19,11:59:56,GERMANY,79.48427856249697
102180,-1.8,2019-02-19,11:59:56,GERMANY,79.36233669499816
106280,-2.4,2019-02-19,11:59:56,GERMANY,60.06089573118185
103150,-0.6,2019-02-19,11:59:56,GERMANY,86.33206978644637
103170,-1.3,2019-02-19,11:59:56,GERMANY,78.25158793400846
107910,-4.8,2019-02-19,11:59:56,GERMANY,77.08088106522844
103060,-1.1,2019-02-19,11:59:56,GERMANY,79.46909218142295
103930,-2.5,2019-02-19,11:59:56,GERMANY,87.43572274269725
95540,-2.8,2019-02-19,11:59:56,GERMANY,82.2767865494446
106163,-3.2,2019-02-19,11:59:56,GERMANY,34.176553147078614
106160,-1.6,2019-02-19,11:59:56,GERMANY,78.79624110794617
100550,0.3,2019-02-19,11:59:56,GERMANY,92.9936722542564
107750,2.4,2019-02-19,11:59:56,GERMANY,78.257768098254
95670,-2.6,2019-02-19,11:59:56,GERMANY,87.42591926487322
103210,-0.1,2019-02-19,11:59:56,GERMANY,86.38447573255593
103200,-1.1,2019-02-19,11:59:56,GERMANY,78.28352823218393
749538,-7.6,2019-02-19,11:59:56,GERMANY,74.19545859108558
109350,-1.8,2019-02-19,11:59:56,GERMANY,68.14764039611848
109340,-0.4,2019-02-19,11:59:56,GERMANY,78.39479537175046
104020,-1.4,2019-02-19,11:59:56,GERMANY,80.62727976536964
104300,-1.7,2019-02-19,11:59:56,GERMANY,79.37763593011418
105480,-3.1,2019-02-19,11:59:56,GERMANY,77.96109625405214
105490,-4.4,2019-02-19,11:59:56,GERMANY,93.4305078057893
108680,-2.2,2019-02-19,11:59:56,GERMANY,76.34605975397962
102610,-1.3,2019-02-19,11:59:56,GERMANY,78.25158793400846
102620,-4.0,2019-02-19,11:59:56,GERMANY,83.38150122197516
102490,-2.7,2019-02-19,11:59:56,GERMANY,86.10872369676508
106070,-1.4,2019-02-19,11:59:56,GERMANY,81.23525927205625
102740,-5.9,2019-02-19,11:59:56,GERMANY,92.63576343728195
109610,-10.4,2019-02-19,11:59:56,GERMANY,73.65667540832287
109620,-1.6,2019-02-19,11:59:56,GERMANY,75.29913394243516
108370,-1.9,2019-02-19,11:59:56,GERMANY,72.98746257682353
91840,-2.0,2019-02-19,11:59:56,GERMANY,77.54905596403343
105100,-3.8,2019-02-19,11:59:56,GERMANY,82.77217782615132
103980,-3.1,2019-02-19,11:59:56,GERMANY,83.49562208415144
108930,-2.1,2019-02-19,11:59:56,GERMANY,80.52569935749416
91700,-1.5,2019-02-19,11:59:56,GERMANY,82.45021251134898
103430,-1.0,2019-02-19,11:59:56,GERMANY,80.08263263285758
103050,-0.8,2019-02-19,11:59:56,GERMANY,68.88814872219004
106600,-1.2,2019-02-19,11:59:56,GERMANY,79.45388974225494
103380,-1.4,2019-02-19,11:59:56,GERMANY,84.33667847571316
100150,1.1,2019-02-19,11:59:56,GERMANY,85.8790782802092
95480,-2.0,2019-02-19,11:59:56,GERMANY,75.2276392707879
95460,-8.7,2019-02-19,11:59:56,GERMANY,87.49618966018014
105060,-1.0,2019-02-19,11:59:56,GERMANY,79.48427856249697
102420,-2.8,2019-02-19,11:59:56,GERMANY,92.81801621754057
107370,-0.6,2019-02-19,11:59:56,GERMANY,74.91078107095738
103480,-1.6,2019-02-19,11:59:56,GERMANY,83.05806242820823
104010,1.4,2019-02-19,11:59:56,GERMANY,84.66612208590844
108450,-2.7,2019-02-19,11:59:56,GERMANY,84.81874890515078
94920,-2.3,2019-02-19,11:59:56,GERMANY,77.49954629115223
105000,-0.8,2019-02-19,11:59:56,GERMANY,78.92098832753467
107270,-0.9,2019-02-19,11:59:56,GERMANY,81.30534604626368
93790,-1.7,2019-02-19,11:59:56,GERMANY,78.18750662917994
107290,-0.6,2019-02-19,11:59:56,GERMANY,74.91078107095738
92490,-1.4,2019-02-19,11:59:56,GERMANY,73.64054359772402
107450,-5.6,2019-02-19,11:59:56,GERMANY,87.8009902408513
103630,0.5,2019-02-19,11:59:56,GERMANY,71.27571632048576
101130,-0.1,2019-02-19,11:59:56,GERMANY,83.24907146554085
104660,-3.4,2019-02-19,11:59:56,GERMANY,80.33501490576475
104490,-1.9,2019-02-19,11:59:56,GERMANY,86.84220972819641
107230,-0.3,2019-02-19,11:59:56,GERMANY,80.18577883645473
105360,-3.2,2019-02-19,11:59:56,GERMANY,88.02955727257459
104380,-1.1,2019-02-19,11:59:56,GERMANY,78.28352823218393
102030,-1.1,2019-02-19,11:59:56,GERMANY,78.28352823218393
102020,0.8,2019-02-19,11:59:56,GERMANY,85.84675595939146
105550,-3.0,2019-02-19,11:59:56,GERMANY,83.5082321741002
107635,-5.6,2019-02-19,11:59:56,GERMANY,83.17578489513772
94600,-3.3,2019-02-19,11:59:56,GERMANY,76.74234932853258
107120,-1.2,2019-02-19,11:59:56,GERMANY,82.48988635479661
100350,-1.6,2019-02-19,11:59:56,GERMANY,83.05806242820823
100340,-1.1,2019-02-19,11:59:56,GERMANY,84.37246432290571
100290,0.0,2019-02-19,11:59:56,GERMANY,85.76003478206532
104240,-6.0,2019-02-19,11:59:56,GERMANY,82.47927932706011
106850,-4.2,2019-02-19,11:59:56,GERMANY,83.3559861453321
106870,-3.2,2019-02-19,11:59:56,GERMANY,82.22292781430177
106100,-1.9,2019-02-19,11:59:56,GERMANY,76.9796451643905
102720,0.9,2019-02-19,11:59:56,GERMANY,75.17871627664627
95690,3.3,2019-02-19,11:59:56,GERMANY,76.15184994205936
93590,-3.7,2019-02-19,11:59:56,GERMANY,79.06854715852872
101500,0.0,2019-02-19,11:59:56,GERMANY,98.55891147790348
109470,-3.8,2019-02-19,11:59:56,GERMANY,80.89353516948601
103820,-1.3,2019-02-19,11:59:56,GERMANY,80.64172922208645
103810,-0.9,2019-02-19,11:59:56,GERMANY,75.99421061859483
95780,-6.9,2019-02-19,11:59:56,GERMANY,94.01987580992541
104750,0.0,2019-02-19,11:59:56,GERMANY,84.50266982385106
104740,-1.7,2019-02-19,11:59:56,GERMANY,84.3007737136478
104730,1.2,2019-02-19,11:59:56,GERMANY,76.92214324861156
106770,-1.3,2019-02-19,11:59:56,GERMANY,81.24930678555353
101610,0.1,2019-02-19,11:59:56,GERMANY,79.06008220125683
101630,-3.5,2019-02-19,11:59:56,GERMANY,86.02223947189503
106350,-3.0,2019-02-19,11:59:56,GERMANY,86.0763836844818
106260,-2.7,2019-02-19,11:59:56,GERMANY,81.66864756487313
103250,-0.5,2019-02-19,11:59:56,GERMANY,69.47754740486631
106700,-2.2,2019-02-19,11:59:56,GERMANY,82.35713479543996
103340,-0.6,2019-02-19,11:59:56,GERMANY,79.5448639297452
101310,-0.8,2019-02-19,11:59:56,GERMANY,80.71374524638902
101280,-2.0,2019-02-19,11:59:56,GERMANY,81.76516242230612
103660,1.7,2019-02-19,11:59:56,GERMANY,82.2633596599217
105190,-2.2,2019-02-19,11:59:56,GERMANY,61.05844224110025
104600,-1.6,2019-02-19,11:59:56,GERMANY,82.43695909584848
107140,-0.6,2019-02-19,11:59:56,GERMANY,84.43184451285215
106330,-1.1,2019-02-19,11:59:56,GERMANY,78.28352823218393
103130,-1.6,2019-02-19,11:59:56,GERMANY,76.44918738625157
103134,-5.5,2019-02-19,11:59:56,GERMANY,69.48859449663912
103790,-1.6,2019-02-19,11:59:56,GERMANY,90.16971378995248
104800,-1.9,2019-02-19,11:59:56,GERMANY,84.91173588600893
104790,-3.0,2019-02-19,11:59:56,GERMANY,92.11303766771334
102800,-1.8,2019-02-19,11:59:56,GERMANY,83.03235711229297
105260,-2.5,2019-02-19,11:59:56,GERMANY,81.69629807315559
93610,-1.2,2019-02-19,11:59:56,GERMANY,77.09700955676595
94960,-1.1,2019-02-19,11:59:56,GERMANY,73.69689015977855
103140,-1.5,2019-02-19,11:59:56,GERMANY,78.811891950711
101420,0.0,2019-02-19,11:59:56,GERMANY,90.29259655761705
106550,-1.5,2019-02-19,11:59:56,GERMANY,80.0084857249258
106530,0.0,2019-02-19,11:59:56,GERMANY,73.34942491705195
106710,-3.0,2019-02-19,11:59:56,GERMANY,75.0476250040634
108150,-2.6,2019-02-19,11:59:56,GERMANY,84.19234086437515
108580,-3.6,2019-02-19,11:59:56,GERMANY,80.30544167955928
108600,-1.4,2019-02-19,11:59:56,GERMANY,69.28702777336083
107640,-2.0,2019-02-19,11:59:56,GERMANY,75.2276392707879
107630,-2.1,2019-02-19,11:59:56,GERMANY,78.12315655100815
102700,-1.3,2019-02-19,11:59:56,GERMANY,83.72048849320399
104960,-2.9,2019-02-19,11:59:56,GERMANY,81.64093694175408
104990,-1.9,2019-02-19,11:59:56,GERMANY,84.91173588600893
108690,-1.5,2019-02-19,11:59:56,GERMANY,83.69572298443917
91610,-1.8,2019-02-19,11:59:56,GERMANY,76.99646356101587
107320,0.6,2019-02-19,11:59:56,GERMANY,80.31727536067943
105500,-8.7,2019-02-19,11:59:56,GERMANY,88.89102503113929
94490,-3.5,2019-02-19,11:59:56,GERMANY,85.37139256483447
105670,-3.7,2019-02-19,11:59:56,GERMANY,87.98245905084534
105690,-2.3,2019-02-19,11:59:56,GERMANY,86.15167377040474
108270,-2.2,2019-02-19,11:59:56,GERMANY,75.76696655529328
100040,-1.7,2019-02-19,11:59:56,GERMANY,88.82909015176138
109480,-2.9,2019-02-19,11:59:56,GERMANY,75.64334723294039
109460,-4.5,2019-02-19,11:59:56,GERMANY,75.94477611119521
104570,1.2,2019-02-19,11:59:56,GERMANY,75.23182037495401
102810,0.0,2019-02-19,11:59:56,GERMANY,84.50266982385106
107760,-2.3,2019-02-19,11:59:56,GERMANY,86.801310621252
105320,-1.6,2019-02-19,11:59:56,GERMANY,78.20355209831799
106580,-2.3,2019-02-19,11:59:56,GERMANY,78.09088028424121
106570,3.3,2019-02-19,11:59:56,GERMANY,89.89461153952377
104060,-0.6,2019-02-19,11:59:56,GERMANY,76.04622465430327
101220,-1.9,2019-02-19,11:59:56,GERMANY,84.2767708919623
100465,0.5,2019-02-19,11:59:56,GERMANY,89.01916297421701
107240,-1.7,2019-02-19,11:59:56,GERMANY,83.04521680585705
107220,-0.5,2019-02-19,11:59:56,GERMANY,70.0063298331612
107880,-2.0,2019-02-19,11:59:56,GERMANY,78.73347275884448
108570,-3.2,2019-02-19,11:59:56,GERMANY,84.76020904558669
108050,-0.8,2019-02-19,11:59:56,GERMANY,75.44125514919406
103610,-1.9,2019-02-19,11:59:56,GERMANY,82.39711216728874
104000,-0.3,2019-02-19,11:59:56,GERMANY,79.59013538172319
94740,-1.8,2019-02-19,11:59:56,GERMANY,78.7648899723066
103350,-0.2,2019-02-19,11:59:56,GERMANY,82.01001105547977
109000,-1.5,2019-02-19,11:59:56,GERMANY,84.32472345939549
101624,1.3,2019-02-19,11:59:56,GERMANY,91.71134358979243
101620,-2.8,2019-02-19,11:59:56,GERMANY,83.53341058697568
108030,-0.3,2019-02-19,11:59:56,GERMANY,75.52949721105166
100020,0.8,2019-02-19,11:59:56,GERMANY,80.34632705783311
105540,-1.6,2019-02-19,11:59:56,GERMANY,87.52345344935553
105536,1.1,2019-02-19,11:59:56,GERMANY,87.14313926505852
91770,-0.8,2019-02-19,11:59:56,GERMANY,71.01393785980785
108750,-2.8,2019-02-19,11:59:56,GERMANY,82.2767865494446
107280,-2.4,2019-02-19,11:59:56,GERMANY,80.48193113146601
95520,-3.1,2019-02-19,11:59:56,GERMANY,90.05242117152747
107390,-1.0,2019-02-19,11:59:56,GERMANY,73.15976713684621
101850,-2.4,2019-02-19,11:59:56,GERMANY,84.21653064104535
101840,-2.0,2019-02-19,11:59:56,GERMANY,81.76516242230612
101730,2.0,2019-02-19,11:59:56,GERMANY,80.519354085991
106390,-1.5,2019-02-19,11:59:56,GERMANY,71.96049712607936
94690,-1.5,2019-02-19,11:59:56,GERMANY,83.0708939989399
107420,-1.8,2019-02-19,11:59:56,GERMANY,81.17891780918457
107060,-1.7,2019-02-19,11:59:56,GERMANY,77.01326456912669
95820,-4.5,2019-02-19,11:59:56,GERMANY,94.13621765470529
95580,-1.5,2019-02-19,11:59:56,GERMANY,86.88292413351203
95490,-1.1,2019-02-19,11:59:56,GERMANY,97.82586144679071
104040,0.5,2019-02-19,11:59:56,GERMANY,83.94094829973909
107380,-1.4,2019-02-19,11:59:56,GERMANY,82.46345151308137
107340,-0.3,2019-02-19,11:59:56,GERMANY,81.99653287248566
105020,-1.0,2019-02-19,11:59:56,GERMANY,80.08263263285758
105010,-0.6,2019-02-19,11:59:56,GERMANY,74.91078107095738
108180,-3.3,2019-02-19,11:59:56,GERMANY,84.10725230053164
107040,-1.8,2019-02-19,11:59:56,GERMANY,82.41040894379563
107550,-2.8,2019-02-19,11:59:56,GERMANY,84.16809733012423
107520,-4.2,2019-02-19,11:59:56,GERMANY,65.52489931966485
101260,-1.3,2019-02-19,11:59:56,GERMANY,84.98093440660494
101360,-1.2,2019-02-19,11:59:56,GERMANY,81.26333919925118
102460,-0.7,2019-02-19,11:59:56,GERMANY,87.61029144157635
104260,0.4,2019-02-19,11:59:56,GERMANY,81.48582086565779
104270,-3.2,2019-02-19,11:59:56,GERMANY,88.02955727257459
95770,-2.5,2019-02-19,11:59:56,GERMANY,84.20444246287285
106810,-4.6,2019-02-19,11:59:56,GERMANY,73.60052364713539
104480,-2.0,2019-02-19,11:59:56,GERMANY,90.1386355239937
106420,-2.3,2019-02-19,11:59:56,GERMANY,87.4552962106206
101560,-1.7,2019-02-19,11:59:56,GERMANY,79.97871636443607
104530,-6.1,2019-02-19,11:59:56,GERMANY,87.07563158036209
104880,-1.3,2019-02-19,11:59:56,GERMANY,84.98093440660494
106320,-0.7,2019-02-19,11:59:56,GERMANY,87.61029144157635
107610,-3.2,2019-02-19,11:59:56,GERMANY,76.7594135096506
104760,-1.6,2019-02-19,11:59:56,GERMANY,86.22637221239664
94790,-3.1,2019-02-19,11:59:56,GERMANY,81.61316603837217
104540,-3.5,2019-02-19,11:59:56,GERMANY,82.18237888592995
104520,-4.2,2019-02-19,11:59:56,GERMANY,82.71945159179369
108560,-3.2,2019-02-19,11:59:56,GERMANY,82.85083287594124
91850,1.1,2019-02-19,11:59:56,GERMANY,89.07017745770347
105420,-2.4,2019-02-19,11:59:56,GERMANY,78.67043940329116
105460,-3.1,2019-02-19,11:59:56,GERMANY,90.73261527548736
105440,-2.3,2019-02-19,11:59:56,GERMANY,86.801310621252
100220,-1.4,2019-02-19,11:59:56,GERMANY,83.08371153761347
103680,-0.2,2019-02-19,11:59:56,GERMANY,86.37401800255994
106480,0.3,2019-02-19,11:59:56,GERMANY,84.53790735255996
101930,-3.1,2019-02-19,11:59:56,GERMANY,89.37676214038103
108354,-1.7,2019-02-19,11:59:56,GERMANY,68.69454791502105
108360,-1.9,2019-02-19,11:59:56,GERMANY,81.77889055534374
105570,-4.6,2019-02-19,11:59:56,GERMANY,90.62100631508898
105580,-4.2,2019-02-19,11:59:56,GERMANY,92.03665972255259
105590,-1.6,2019-02-19,11:59:56,GERMANY,91.51929371619761
105130,-1.0,2019-02-19,11:59:56,GERMANY,75.9768372093094
105140,-1.3,2019-02-19,11:59:56,GERMANY,74.21995391851397
105150,0.1,2019-02-19,11:59:56,GERMANY,72.27464851118337
100260,-1.5,2019-02-19,11:59:56,GERMANY,83.0708939989399
100280,-0.7,2019-02-19,11:59:56,GERMANY,92.25643373622192
104390,-1.2,2019-02-19,11:59:56,GERMANY,80.05302116316363
93980,-0.4,2019-02-19,11:59:56,GERMANY,77.23010536385337
107100,0.0,2019-02-19,11:59:56,GERMANY,88.97638355603272
107080,-1.3,2019-02-19,11:59:56,GERMANY,81.24930678555353
104374,2.4,2019-02-19,11:59:56,GERMANY,86.64216126146792
104710,-3.2,2019-02-19,11:59:56,GERMANY,77.9447965014694
104810,-7.8,2019-02-19,11:59:56,GERMANY,93.24548454890963
91620,-2.5,2019-02-19,11:59:56,GERMANY,74.56553099422575
100200,-0.3,2019-02-19,11:59:56,GERMANY,89.6080096958283
104100,-0.5,2019-02-19,11:59:56,GERMANY,79.55997033798944
107710,-2.8,2019-02-19,11:59:56,GERMANY,81.65479977799492
101470,-2.2,2019-02-19,11:59:56,GERMANY,82.35713479543996
108522,0.6,2019-02-19,11:59:56,GERMANY,83.95306907988996
108520,-1.5,2019-02-19,11:59:56,GERMANY,78.21958079098191
106750,-3.6,2019-02-19,11:59:56,GERMANY,74.36259749629451
106590,-0.5,2019-02-19,11:59:56,GERMANY,85.07248433332649
106140,-1.5,2019-02-19,11:59:56,GERMANY,75.88970368487271
106130,-2.3,2019-02-19,11:59:56,GERMANY,85.50636057470659
105780,-4.3,2019-02-19,11:59:56,GERMANY,98.50690341498546
105770,-3.2,2019-02-19,11:59:56,GERMANY,82.85083287594124
102380,-0.9,2019-02-19,11:59:56,GERMANY,86.94365177754374
107275,-0.3,2019-02-19,11:59:56,GERMANY,74.96469204900266
94880,-2.0,2019-02-19,11:59:56,GERMANY,82.38380089710469
94800,-1.2,2019-02-19,11:59:56,GERMANY,75.3703387579005
109210,-2.6,2019-02-19,11:59:56,GERMANY,76.27695337702356
94990,-1.6,2019-02-19,11:59:56,GERMANY,79.39291897915155
90910,-1.0,2019-02-19,11:59:56,GERMANY,80.68498500557595
107230,-0.3,2019-02-19,11:59:57,GERMANY,80.18577883645473
103210,-0.1,2019-02-19,11:59:57,GERMANY,86.38447573255593
103200,-1.1,2019-02-19,11:59:57,GERMANY,81.88818220118466
103250,-0.5,2019-02-19,11:59:57,GERMANY,72.70428343953884
107450,-5.6,2019-02-19,11:59:57,GERMANY,87.8009902408513
101770,-3.1,2019-02-19,11:59:57,GERMANY,87.37673377669944
106320,-0.7,2019-02-19,11:59:57,GERMANY,87.61029144157635
104060,-0.6,2019-02-19,11:59:57,GERMANY,78.95201166103134
104600,-1.6,2019-02-19,11:59:57,GERMANY,79.39291897915155
103340,-0.6,2019-02-19,11:59:57,GERMANY,82.56884701216147
102240,-1.5,2019-02-19,11:59:57,GERMANY,79.40818586352142
101624,1.5,2019-02-19,11:59:57,GERMANY,90.40575696580589
101620,-3.0,2019-02-19,11:59:57,GERMANY,84.78366424045392
107420,-1.7,2019-02-19,11:59:57,GERMANY,80.58383851722401
105060,-1.0,2019-02-19,11:59:57,GERMANY,79.48427856249697
101470,-2.2,2019-02-19,11:59:57,GERMANY,86.16238105929526
109800,-5.1,2019-02-19,11:59:57,GERMANY,69.02855783188659
104020,-1.4,2019-02-19,11:59:57,GERMANY,84.33667847571316
102700,-1.1,2019-02-19,11:59:57,GERMANY,82.50308223447652
91850,1.2,2019-02-19,11:59:57,GERMANY,88.43261245338114
102720,1.0,2019-02-19,11:59:57,GERMANY,74.63970705027666
104530,-6.1,2019-02-19,11:59:57,GERMANY,89.81157736031939
104880,-1.3,2019-02-19,11:59:57,GERMANY,81.86094790890961
94990,-1.6,2019-02-19,11:59:57,GERMANY,79.39291897915155
108930,-2.1,2019-02-19,11:59:57,GERMANY,85.52867906764334
100260,-1.5,2019-02-19,11:59:57,GERMANY,86.88292413351203
100280,-0.7,2019-02-19,11:59:57,GERMANY,92.25643373622192
100380,-1.0,2019-02-19,11:59:57,GERMANY,82.51626377978262
100370,-1.2,2019-02-19,11:59:57,GERMANY,87.56215762290277
109470,-3.6,2019-02-19,11:59:57,GERMANY,79.69271864216192
101560,-1.5,2019-02-19,11:59:57,GERMANY,74.74806676161758
102150,-1.0,2019-02-19,11:59:57,GERMANY,83.13484176183611
105780,-3.8,2019-02-19,11:59:57,GERMANY,94.88140896596231
105770,-2.9,2019-02-19,11:59:57,GERMANY,81.02272056276627
92490,-1.4,2019-02-19,11:59:57,GERMANY,77.0635634839004
103140,-1.6,2019-02-19,11:59:57,GERMANY,79.39291897915155
102350,-1.4,2019-02-19,11:59:57,GERMANY,79.4234366046028
104540,-3.5,2019-02-19,11:59:57,GERMANY,82.18237888592995
94490,-3.4,2019-02-19,11:59:57,GERMANY,81.57139629463353
100460,-1.4,2019-02-19,11:59:57,GERMANY,82.46345151308137
100450,-1.1,2019-02-19,11:59:57,GERMANY,77.69666104909838
108180,-3.0,2019-02-19,11:59:57,GERMANY,79.17747552158502
107275,-0.3,2019-02-19,11:59:57,GERMANY,70.579650243293
106390,-1.5,2019-02-19,11:59:57,GERMANY,74.74806676161758
103870,-6.2,2019-02-19,11:59:57,GERMANY,86.39263892458291
106330,-1.0,2019-02-19,11:59:57,GERMANY,81.2913588091667
93980,-0.4,2019-02-19,11:59:57,GERMANY,77.23010536385337
107100,0.0,2019-02-19,11:59:57,GERMANY,88.97638355603272
107080,-1.3,2019-02-19,11:59:57,GERMANY,81.24930678555353
107240,-1.7,2019-02-19,11:59:57,GERMANY,79.97871636443607
107220,-0.5,2019-02-19,11:59:57,GERMANY,65.87442537976152
101290,-0.6,2019-02-19,11:59:57,GERMANY,82.56884701216147
101270,0.6,2019-02-19,11:59:57,GERMANY,92.33578505901374
102740,-5.9,2019-02-19,11:59:57,GERMANY,96.25525289725802
104390,-1.4,2019-02-19,11:59:57,GERMANY,81.23525927205625
106280,-2.5,2019-02-19,11:59:57,GERMANY,60.5070155490456
104160,0.6,2019-02-19,11:59:57,GERMANY,80.31727536067943
101310,-0.9,2019-02-19,11:59:57,GERMANY,81.30534604626368
101280,-2.1,2019-02-19,11:59:57,GERMANY,79.31634165858165
107750,2.3,2019-02-19,11:59:57,GERMANY,74.872728966679
106150,-1.4,2019-02-19,11:59:57,GERMANY,82.46345151308137
104380,-1.1,2019-02-19,11:59:57,GERMANY,78.28352823218393
103630,0.6,2019-02-19,11:59:57,GERMANY,70.7630168157164
91840,-2.0,2019-02-19,11:59:57,GERMANY,77.54905596403343
103610,-1.7,2019-02-19,11:59:57,GERMANY,84.9348534060726
105320,-1.7,2019-02-19,11:59:57,GERMANY,81.80630224801871
107280,-2.4,2019-02-19,11:59:57,GERMANY,80.48193113146601
107270,-0.9,2019-02-19,11:59:57,GERMANY,77.14704930115211
93790,-1.7,2019-02-19,11:59:57,GERMANY,78.18750662917994
107290,-0.7,2019-02-19,11:59:57,GERMANY,78.93650813575896
107635,-5.4,2019-02-19,11:59:57,GERMANY,81.92244882399388
108660,-3.0,2019-02-19,11:59:57,GERMANY,83.5082321741002
108750,-3.1,2019-02-19,11:59:57,GERMANY,79.76854464104072
106190,2.5,2019-02-19,11:59:57,GERMANY,89.1878668734468
106180,-1.2,2019-02-19,11:59:57,GERMANY,74.2384057206989
105500,-9.0,2019-02-19,11:59:57,GERMANY,87.46610356530799
104300,-1.8,2019-02-19,11:59:57,GERMANY,76.99646356101587
106480,0.3,2019-02-19,11:59:57,GERMANY,84.53790735255996
104000,-0.4,2019-02-19,11:59:57,GERMANY,80.17109053945734
94600,-3.4,2019-02-19,11:59:57,GERMANY,77.31668027870657
102000,0.1,2019-02-19,11:59:57,GERMANY,89.64044021019568
104690,-0.1,2019-02-19,11:59:57,GERMANY,88.31562291828642
104700,-2.4,2019-02-19,11:59:57,GERMANY,89.43527740270008
106770,-1.3,2019-02-19,11:59:57,GERMANY,75.35256464960753
104180,-1.6,2019-02-19,11:59:57,GERMANY,88.17846894760257
107910,-4.8,2019-02-19,11:59:57,GERMANY,77.08088106522844
94790,-3.0,2019-02-19,11:59:57,GERMANY,81.00842863964726
104570,1.3,2019-02-19,11:59:57,GERMANY,74.69374964267011
95580,-1.5,2019-02-19,11:59:57,GERMANY,90.1774608388735
104374,2.6,2019-02-19,11:59:57,GERMANY,85.41968699127102
105540,-1.8,2019-02-19,11:59:57,GERMANY,88.82033609706264
105536,1.1,2019-02-19,11:59:57,GERMANY,87.14313926505852
94690,-1.5,2019-02-19,11:59:57,GERMANY,79.40818586352142
95490,-1.1,2019-02-19,11:59:57,GERMANY,94.99228220742569
109630,-3.7,2019-02-19,11:59:57,GERMANY,74.92051960143122
107550,-2.8,2019-02-19,11:59:57,GERMANY,84.16809733012423
107520,-4.0,2019-02-19,11:59:57,GERMANY,73.14507215310321
116690,-0.9,2019-02-19,11:59:57,GERMANY,97.82941445683063
107320,0.6,2019-02-19,11:59:57,GERMANY,81.51336378101604
106850,-4.2,2019-02-19,11:59:57,GERMANY,87.26753121823879
106870,-3.2,2019-02-19,11:59:57,GERMANY,82.22292781430177
91700,-1.5,2019-02-19,11:59:57,GERMANY,79.40818586352142
108680,-2.4,2019-02-19,11:59:57,GERMANY,77.48300865569455
105670,-3.8,2019-02-19,11:59:57,GERMANY,88.64312113351986
105690,-2.0,2019-02-19,11:59:57,GERMANY,84.26474953060415
107640,-2.0,2019-02-19,11:59:57,GERMANY,75.2276392707879
107630,-2.3,2019-02-19,11:59:57,GERMANY,83.59611389139992
109350,-1.8,2019-02-19,11:59:57,GERMANY,68.14764039611848
109340,-0.5,2019-02-19,11:59:57,GERMANY,78.96749892466067
102610,-1.3,2019-02-19,11:59:57,GERMANY,81.86094790890961
102620,-4.0,2019-02-19,11:59:57,GERMANY,87.9540698177762
101420,0.1,2019-02-19,11:59:57,GERMANY,86.40535612205097
100465,0.5,2019-02-19,11:59:57,GERMANY,89.01916297421701
109480,-2.9,2019-02-19,11:59:57,GERMANY,80.40867029213906
109460,-4.7,2019-02-19,11:59:57,GERMANY,82.01884392190053
108530,-2.8,2019-02-19,11:59:57,GERMANY,82.90298192635377
92800,-2.4,2019-02-19,11:59:57,GERMANY,84.85371626540106
103490,0.0,2019-02-19,11:59:57,GERMANY,89.63234653902111
100150,1.1,2019-02-19,11:59:57,GERMANY,84.01347470854151
101220,-1.9,2019-02-19,11:59:57,GERMANY,80.5548000779741
104710,-3.3,2019-02-19,11:59:57,GERMANY,82.20942628914979
104810,-7.8,2019-02-19,11:59:57,GERMANY,93.24548454890963
104520,-4.2,2019-02-19,11:59:57,GERMANY,85.29181588664488
106090,-0.6,2019-02-19,11:59:57,GERMANY,82.56884701216147
105100,-3.7,2019-02-19,11:59:57,GERMANY,82.15527220853706
102380,-0.9,2019-02-19,11:59:57,GERMANY,86.94365177754374
104680,0.8,2019-02-19,11:59:57,GERMANY,72.95337537204867
100330,-0.3,2019-02-19,11:59:57,GERMANY,86.36354855988624
103850,-1.7,2019-02-19,11:59:57,GERMANY,83.04521680585705
103840,-1.0,2019-02-19,11:59:57,GERMANY,82.51626377978262
102420,-2.8,2019-02-19,11:59:57,GERMANY,92.81801621754057
108690,-1.8,2019-02-19,11:59:57,GERMANY,85.56206319599663
91610,-1.9,2019-02-19,11:59:57,GERMANY,77.56552485099058
94880,-2.1,2019-02-19,11:59:57,GERMANY,82.99369340790678
94800,-1.2,2019-02-19,11:59:57,GERMANY,75.3703387579005
103820,-1.3,2019-02-19,11:59:57,GERMANY,77.08029515932536
103810,-1.1,2019-02-19,11:59:57,GERMANY,80.67058182142841
106700,-2.2,2019-02-19,11:59:57,GERMANY,86.16238105929526
105570,-4.6,2019-02-19,11:59:57,GERMANY,94.1314373937302
105580,-4.4,2019-02-19,11:59:57,GERMANY,93.4305078057893
105590,-1.6,2019-02-19,11:59:57,GERMANY,91.51929371619761
106880,-2.2,2019-02-19,11:59:57,GERMANY,76.92908542127303
103980,-3.1,2019-02-19,11:59:57,GERMANY,83.49562208415144
105020,-1.1,2019-02-19,11:59:57,GERMANY,76.53464254510781
105010,-0.7,2019-02-19,11:59:57,GERMANY,78.34720898714545
108650,-1.6,2019-02-19,11:59:57,GERMANY,78.79624110794617
108640,-5.6,2019-02-19,11:59:57,GERMANY,85.79145314210163
108370,-1.9,2019-02-19,11:59:57,GERMANY,77.56552485099058
106590,-0.5,2019-02-19,11:59:57,GERMANY,85.07248433332649
104010,1.3,2019-02-19,11:59:57,GERMANY,81.60930147291053
103430,-0.8,2019-02-19,11:59:57,GERMANY,82.54258394631562
103150,-0.6,2019-02-19,11:59:57,GERMANY,86.33206978644637
103170,-1.2,2019-02-19,11:59:57,GERMANY,74.80246902916817
101730,2.0,2019-02-19,11:59:57,GERMANY,80.519354085991
108050,-0.9,2019-02-19,11:59:57,GERMANY,72.07887991924905
105360,-3.2,2019-02-19,11:59:57,GERMANY,82.22292781430177
105420,-2.5,2019-02-19,11:59:57,GERMANY,79.25478703365184
105460,-3.3,2019-02-19,11:59:57,GERMANY,92.09404498937849
105440,-2.3,2019-02-19,11:59:57,GERMANY,89.4435980623459
93850,-2.6,2019-02-19,11:59:57,GERMANY,79.8439665677044
107430,-1.9,2019-02-19,11:59:57,GERMANY,83.0194833278904
107710,-2.7,2019-02-19,11:59:57,GERMANY,81.05125813393065
100350,-1.6,2019-02-19,11:59:57,GERMANY,83.05806242820823
100340,-1.1,2019-02-19,11:59:57,GERMANY,84.37246432290571
100290,0.0,2019-02-19,11:59:57,GERMANY,88.97638355603272
109210,-2.6,2019-02-19,11:59:57,GERMANY,80.45267397104881
107380,-1.4,2019-02-19,11:59:57,GERMANY,78.23559272895993
107340,-0.3,2019-02-19,11:59:57,GERMANY,81.99653287248566
94960,-1.2,2019-02-19,11:59:57,GERMANY,78.26756642785212
109080,-4.6,2019-02-19,11:59:57,GERMANY,79.53984354233867
102790,-3.1,2019-02-19,11:59:57,GERMANY,80.37925563256515
103590,-0.8,2019-02-19,11:59:57,GERMANY,71.01393785980785
94740,-1.8,2019-02-19,11:59:57,GERMANY,75.26342292843387
102810,0.0,2019-02-19,11:59:57,GERMANY,87.67722242964999
94540,-3.8,2019-02-19,11:59:57,GERMANY,79.05291965541517
95820,-4.2,2019-02-19,11:59:57,GERMANY,92.03665972255259
108380,-1.8,2019-02-19,11:59:57,GERMANY,83.03235711229297
92700,-1.6,2019-02-19,11:59:57,GERMANY,79.99360896559583
108460,-12.3,2019-02-19,11:59:57,GERMANY,83.63499206222387
92910,-2.4,2019-02-19,11:59:57,GERMANY,82.33041047794639
108522,0.6,2019-02-19,11:59:57,GERMANY,83.95306907988996
108520,-1.5,2019-02-19,11:59:57,GERMANY,82.45021251134898
106100,-1.9,2019-02-19,11:59:57,GERMANY,76.9796451643905
94920,-2.3,2019-02-19,11:59:57,GERMANY,77.49954629115223
108150,-2.6,2019-02-19,11:59:57,GERMANY,81.06550382396372
94900,-0.6,2019-02-19,11:59:57,GERMANY,71.59429680462168
102030,-1.1,2019-02-19,11:59:57,GERMANY,78.28352823218393
102020,0.8,2019-02-19,11:59:57,GERMANY,89.04471379115766
105520,-6.9,2019-02-19,11:59:57,GERMANY,96.96891959312612
104040,0.5,2019-02-19,11:59:57,GERMANY,80.30272644608333
102490,-2.9,2019-02-19,11:59:57,GERMANY,87.39644165799902
105190,-2.4,2019-02-19,11:59:57,GERMANY,61.96772726602685
102530,-1.6,2019-02-19,11:59:57,GERMANY,84.9463928836789
102540,-3.2,2019-02-19,11:59:57,GERMANY,84.76020904558669
95540,-2.8,2019-02-19,11:59:57,GERMANY,82.2767865494446
105260,-2.5,2019-02-19,11:59:57,GERMANY,81.69629807315559
107880,-1.9,2019-02-19,11:59:57,GERMANY,78.15536527416963
104260,0.4,2019-02-19,11:59:57,GERMANY,81.48582086565779
104270,-3.2,2019-02-19,11:59:57,GERMANY,88.02955727257459
106750,-3.5,2019-02-19,11:59:57,GERMANY,73.80929078968776
101850,-2.4,2019-02-19,11:59:57,GERMANY,84.21653064104535
101840,-2.1,2019-02-19,11:59:57,GERMANY,84.888566823612
108580,-3.6,2019-02-19,11:59:57,GERMANY,80.30544167955928
108600,-1.4,2019-02-19,11:59:57,GERMANY,75.90716599426204
109000,-1.3,2019-02-19,11:59:57,GERMANY,83.09651506375835
91620,-2.5,2019-02-19,11:59:57,GERMANY,78.05853629790164
104240,-5.6,2019-02-19,11:59:57,GERMANY,89.16384766502141
106810,-4.6,2019-02-19,11:59:57,GERMANY,70.78169156825906
100200,-0.3,2019-02-19,11:59:57,GERMANY,87.00396986175839
107370,-0.6,2019-02-19,11:59:57,GERMANY,78.36308766820662
101610,0.1,2019-02-19,11:59:57,GERMANY,79.06008220125683
101630,-3.3,2019-02-19,11:59:57,GERMANY,84.74846176633238
105550,-3.0,2019-02-19,11:59:57,GERMANY,86.72928948237622
108270,-2.2,2019-02-19,11:59:57,GERMANY,75.76696655529328
105820,-7.2,2019-02-19,11:59:57,GERMANY,99.23248980130217
108354,-1.7,2019-02-19,11:59:57,GERMANY,61.66186175847196
108360,-2.0,2019-02-19,11:59:57,GERMANY,82.38380089710469
106420,-2.2,2019-02-19,11:59:57,GERMANY,86.81155277289227
90910,-1.0,2019-02-19,11:59:57,GERMANY,78.29947336866519
109711,-8.7,2019-02-19,11:59:57,GERMANY,79.52930724442871
108950,-3.3,2019-02-19,11:59:57,GERMANY,75.57230854788658
749538,-6.8,2019-02-19,11:59:57,GERMANY,74.34656261316725
103790,-1.6,2019-02-19,11:59:57,GERMANY,90.16971378995248
104480,-1.9,2019-02-19,11:59:57,GERMANY,89.47678462336837
106350,-3.0,2019-02-19,11:59:57,GERMANY,88.71449803194277
106260,-2.5,2019-02-19,11:59:57,GERMANY,84.20444246287285
104660,-3.6,2019-02-19,11:59:57,GERMANY,85.36006284263485
104490,-2.0,2019-02-19,11:59:57,GERMANY,87.48457293964655
104760,-1.6,2019-02-19,11:59:57,GERMANY,86.22637221239664
104960,-2.8,2019-02-19,11:59:57,GERMANY,81.03699705385729
104990,-1.9,2019-02-19,11:59:57,GERMANY,88.15075538315405
95520,-3.1,2019-02-19,11:59:57,GERMANY,90.05242117152747
107390,-1.0,2019-02-19,11:59:57,GERMANY,76.55168098505372
107140,-0.6,2019-02-19,11:59:57,GERMANY,84.43184451285215
103660,1.7,2019-02-19,11:59:57,GERMANY,85.32010578023011
108560,-3.2,2019-02-19,11:59:57,GERMANY,77.9447965014694
103130,-1.6,2019-02-19,11:59:57,GERMANY,79.99360896559583
103134,-5.7,2019-02-19,11:59:57,GERMANY,70.5526068312668
104860,-2.6,2019-02-19,11:59:57,GERMANY,85.47278886395
103350,-0.2,2019-02-19,11:59:57,GERMANY,82.01001105547977
109290,-1.6,2019-02-19,11:59:57,GERMANY,77.61482880903858
103480,-1.5,2019-02-19,11:59:57,GERMANY,79.40818586352142
107120,-1.1,2019-02-19,11:59:57,GERMANY,81.88818220118466
107760,-2.1,2019-02-19,11:59:57,GERMANY,81.13650215542222
101930,-3.1,2019-02-19,11:59:57,GERMANY,85.41658421468537
104100,-0.5,2019-02-19,11:59:57,GERMANY,79.55997033798944
102460,-0.7,2019-02-19,11:59:57,GERMANY,83.79445923402426
103800,-4.1,2019-02-19,11:59:57,GERMANY,80.85019292925567
104920,0.0,2019-02-19,11:59:57,GERMANY,80.82817419918915
104900,-3.1,2019-02-19,11:59:57,GERMANY,83.49562208415144
107040,-1.8,2019-02-19,11:59:57,GERMANY,82.41040894379563
107650,-2.1,2019-02-19,11:59:57,GERMANY,82.3704751131853
92610,-2.4,2019-02-19,11:59:57,GERMANY,78.67043940329116
107655,-6.2,2019-02-19,11:59:57,GERMANY,69.33750077672094
104800,-2.2,2019-02-19,11:59:57,GERMANY,83.6086130977753
104790,-3.0,2019-02-19,11:59:57,GERMANY,89.3851505634672
93610,-1.0,2019-02-19,11:59:57,GERMANY,75.9768372093094
101260,-1.2,2019-02-19,11:59:57,GERMANY,81.26333919925118
101360,-1.2,2019-02-19,11:59:57,GERMANY,84.99242267182647
106580,-2.0,2019-02-19,11:59:57,GERMANY,76.38050637660949
106570,3.3,2019-02-19,11:59:57,GERMANY,85.4964614595288
94530,-6.5,2019-02-19,11:59:57,GERMANY,91.17954904430829
101720,-0.2,2019-02-19,11:59:57,GERMANY,89.61613129576551
101700,-1.3,2019-02-19,11:59:57,GERMANY,86.2582061987877
91770,-2.6,2019-02-19,11:59:57,GERMANY,77.44988163480996
106163,-2.9,2019-02-19,11:59:57,GERMANY,33.42244391894802
106160,-1.5,2019-02-19,11:59:57,GERMANY,78.21958079098191
101500,0.0,2019-02-19,11:59:57,GERMANY,92.97695284762996
100550,0.4,2019-02-19,11:59:57,GERMANY,90.32296396911018
100040,-1.7,2019-02-19,11:59:57,GERMANY,87.51374989399355
104440,-2.1,2019-02-19,11:59:57,GERMANY,77.53256992315755
103050,-0.8,2019-02-19,11:59:57,GERMANY,68.88814872219004
105480,-3.1,2019-02-19,11:59:57,GERMANY,77.96109625405214
105490,-4.4,2019-02-19,11:59:57,GERMANY,96.30135041451344
107060,-1.9,2019-02-19,11:59:57,GERMANY,78.15536527416963
101130,-0.1,2019-02-19,11:59:57,GERMANY,81.41670499971441
108570,-3.2,2019-02-19,11:59:57,GERMANY,80.36452457668949
109610,-10.4,2019-02-19,11:59:57,GERMANY,76.7247727739827
109620,-1.9,2019-02-19,11:59:57,GERMANY,76.9796451643905
102800,-1.8,2019-02-19,11:59:57,GERMANY,83.03235711229297
103060,-1.1,2019-02-19,11:59:57,GERMANY,83.74519960284174
103680,-0.9,2019-02-19,11:59:57,GERMANY,87.59107065471973
106070,-1.4,2019-02-19,11:59:57,GERMANY,77.64761274885284
95690,3.1,2019-02-19,11:59:57,GERMANY,80.67605105431662
106600,-1.3,2019-02-19,11:59:57,GERMANY,88.20608769699962
108450,-2.7,2019-02-19,11:59:57,GERMANY,82.29021449387338
107610,-3.2,2019-02-19,11:59:57,GERMANY,76.7594135096506
105130,-1.1,2019-02-19,11:59:57,GERMANY,80.67058182142841
105140,-1.2,2019-02-19,11:59:57,GERMANY,77.6803286010967
105150,0.1,2019-02-19,11:59:57,GERMANY,69.6036618807797
95780,-6.9,2019-02-19,11:59:57,GERMANY,94.01987580992541
102180,-1.8,2019-02-19,11:59:57,GERMANY,79.36233669499816
95670,-2.6,2019-02-19,11:59:57,GERMANY,87.42591926487322
105000,-0.8,2019-02-19,11:59:57,GERMANY,82.54258394631562
106350,-3.3,2019-02-19,11:59:58,GERMANY,90.71784747490868
106260,-2.5,2019-02-19,11:59:58,GERMANY,84.20444246287285
101220,-1.9,2019-02-19,11:59:58,GERMANY,84.2767708919623
107120,-1.2,2019-02-19,11:59:58,GERMANY,85.62849622570909
107910,-4.8,2019-02-19,11:59:58,GERMANY,77.08088106522844
104690,-0.1,2019-02-19,11:59:58,GERMANY,90.95004026038586
104700,-2.5,2019-02-19,11:59:58,GERMANY,86.13022295234325
109610,-10.4,2019-02-19,11:59:58,GERMANY,73.65667540832287
109620,-1.9,2019-02-19,11:59:58,GERMANY,76.9796451643905
104920,0.0,2019-02-19,11:59:58,GERMANY,80.82817419918915
104900,-3.1,2019-02-19,11:59:58,GERMANY,83.49562208415144
105500,-8.7,2019-02-19,11:59:58,GERMANY,88.89102503113929
100060,0.7,2019-02-19,11:59:58,GERMANY,91.00675049201543
100050,0.1,2019-02-19,11:59:58,GERMANY,83.27430397508597
94920,-2.4,2019-02-19,11:59:58,GERMANY,78.07471676703601
95690,3.1,2019-02-19,11:59:58,GERMANY,80.67605105431662
105190,-2.2,2019-02-19,11:59:58,GERMANY,68.05987416384333
101420,0.1,2019-02-19,11:59:58,GERMANY,89.64044021019568
109630,-3.5,2019-02-19,11:59:58,GERMANY,79.70791629779015
94490,-3.5,2019-02-19,11:59:58,GERMANY,82.18237888592995
103150,-0.5,2019-02-19,11:59:58,GERMANY,85.70544081948714
103170,-1.3,2019-02-19,11:59:58,GERMANY,75.35256464960753
101770,-3.1,2019-02-19,11:59:58,GERMANY,91.41737081325019
104380,-1.3,2019-02-19,11:59:58,GERMANY,79.4386712237424
106700,-2.3,2019-02-19,11:59:58,GERMANY,86.801310621252
107230,-0.3,2019-02-19,11:59:58,GERMANY,80.18577883645473
102420,-2.8,2019-02-19,11:59:58,GERMANY,92.81801621754057
106590,-0.5,2019-02-19,11:59:58,GERMANY,85.07248433332649
102740,-5.9,2019-02-19,11:59:58,GERMANY,92.63576343728195
107280,-2.4,2019-02-19,11:59:58,GERMANY,80.48193113146601
104600,-1.8,2019-02-19,11:59:58,GERMANY,83.65847238820285
102700,-1.1,2019-02-19,11:59:58,GERMANY,82.50308223447652
95780,-7.1,2019-02-19,11:59:58,GERMANY,98.47151344422662
105670,-3.8,2019-02-19,11:59:58,GERMANY,88.64312113351986
105690,-2.0,2019-02-19,11:59:58,GERMANY,87.48457293964655
104860,-2.4,2019-02-19,11:59:58,GERMANY,84.21653064104535
104000,-0.3,2019-02-19,11:59:58,GERMANY,76.09807986545657
106880,-2.2,2019-02-19,11:59:58,GERMANY,76.92908542127303
108030,-0.3,2019-02-19,11:59:58,GERMANY,71.65397673643231
102030,-1.1,2019-02-19,11:59:58,GERMANY,81.88818220118466
102020,0.8,2019-02-19,11:59:58,GERMANY,89.04471379115766
107040,-1.8,2019-02-19,11:59:58,GERMANY,78.7648899723066
108650,-1.6,2019-02-19,11:59:58,GERMANY,74.72989604219624
108640,-5.6,2019-02-19,11:59:58,GERMANY,79.38531928776412
103340,-0.6,2019-02-19,11:59:58,GERMANY,79.5448639297452
101260,-1.3,2019-02-19,11:59:58,GERMANY,84.98093440660494
101360,-1.3,2019-02-19,11:59:58,GERMANY,81.86094790890961
116690,-0.9,2019-02-19,11:59:58,GERMANY,97.82941445683063
101560,-1.7,2019-02-19,11:59:58,GERMANY,75.85472550330536
103050,-0.8,2019-02-19,11:59:58,GERMANY,68.88814872219004
100465,0.5,2019-02-19,11:59:58,GERMANY,89.01916297421701
101310,-0.8,2019-02-19,11:59:58,GERMANY,80.71374524638902
101280,-2.0,2019-02-19,11:59:58,GERMANY,78.73347275884448
104570,1.2,2019-02-19,11:59:58,GERMANY,78.06767121123191
91840,-2.0,2019-02-19,11:59:58,GERMANY,77.54905596403343
100910,-0.7,2019-02-19,11:59:58,GERMANY,84.4199946771342
108150,-2.6,2019-02-19,11:59:58,GERMANY,84.19234086437515
101290,-0.7,2019-02-19,11:59:58,GERMANY,86.32155332356248
101270,0.7,2019-02-19,11:59:58,GERMANY,91.67213959102538
100550,0.3,2019-02-19,11:59:58,GERMANY,90.97846106019503
108370,-1.9,2019-02-19,11:59:58,GERMANY,77.56552485099058
100460,-1.5,2019-02-19,11:59:58,GERMANY,83.0708939989399
100450,-1.3,2019-02-19,11:59:58,GERMANY,82.4766761209424
100330,-0.3,2019-02-19,11:59:58,GERMANY,83.84350309153317
95480,-2.0,2019-02-19,11:59:58,GERMANY,78.73347275884448
95460,-9.3,2019-02-19,11:59:58,GERMANY,91.69955057295894
107320,0.6,2019-02-19,11:59:58,GERMANY,80.31727536067943
105420,-2.5,2019-02-19,11:59:58,GERMANY,76.29425666890424
105460,-3.3,2019-02-19,11:59:58,GERMANY,88.02015926944578
105440,-2.3,2019-02-19,11:59:58,GERMANY,89.4435980623459
106070,-1.4,2019-02-19,11:59:58,GERMANY,77.64761274885284
106390,-1.5,2019-02-19,11:59:58,GERMANY,74.74806676161758
103380,-1.6,2019-02-19,11:59:58,GERMANY,85.58425708347109
102180,-1.8,2019-02-19,11:59:58,GERMANY,83.03235711229297
101470,-2.2,2019-02-19,11:59:58,GERMANY,82.35713479543996
104020,-1.3,2019-02-19,11:59:58,GERMANY,83.72048849320399
107060,-1.9,2019-02-19,11:59:58,GERMANY,75.24554019131763
100150,1.1,2019-02-19,11:59:58,GERMANY,85.8790782802092
102350,-1.3,2019-02-19,11:59:58,GERMANY,78.84314429410703
103130,-1.8,2019-02-19,11:59:58,GERMANY,81.17891780918457
103134,-5.7,2019-02-19,11:59:58,GERMANY,72.81406434020458
108680,-2.2,2019-02-19,11:59:58,GERMANY,82.98077723291357
106420,-2.2,2019-02-19,11:59:58,GERMANY,82.35713479543996
93980,-0.4,2019-02-19,11:59:58,GERMANY,73.27378678755679
107100,0.0,2019-02-19,11:59:58,GERMANY,88.97638355603272
107080,-1.4,2019-02-19,11:59:58,GERMANY,81.8473086585495
106750,-3.6,2019-02-19,11:59:58,GERMANY,78.47973530143709
91620,-2.4,2019-02-19,11:59:58,GERMANY,74.01575737203987
103790,-1.5,2019-02-19,11:59:58,GERMANY,89.50981815275505
749538,-6.8,2019-02-19,11:59:58,GERMANY,69.76212524096334
106163,-3.2,2019-02-19,11:59:58,GERMANY,34.176553147078614
106160,-1.6,2019-02-19,11:59:58,GERMANY,81.81998584835767
105480,-3.6,2019-02-19,11:59:58,GERMANY,84.71314097522273
105490,-4.4,2019-02-19,11:59:58,GERMANY,93.4305078057893
93590,-3.9,2019-02-19,11:59:58,GERMANY,87.29745021697545
107635,-5.6,2019-02-19,11:59:58,GERMANY,83.17578489513772
107760,-2.1,2019-02-19,11:59:58,GERMANY,81.13650215542222
102720,0.9,2019-02-19,11:59:58,GERMANY,78.0197779967942
94600,-3.3,2019-02-19,11:59:58,GERMANY,76.74234932853258
102790,-3.1,2019-02-19,11:59:58,GERMANY,80.37925563256515
109480,-2.5,2019-02-19,11:59:58,GERMANY,78.05853629790164
109460,-4.7,2019-02-19,11:59:58,GERMANY,82.01884392190053
108050,-0.9,2019-02-19,11:59:58,GERMANY,72.07887991924905
108750,-3.1,2019-02-19,11:59:58,GERMANY,84.13163089871593
109290,-1.6,2019-02-19,11:59:58,GERMANY,77.61482880903858
103850,-1.5,2019-02-19,11:59:58,GERMANY,85.5953354214086
103840,-1.2,2019-02-19,11:59:58,GERMANY,83.7328508383739
95770,-2.2,2019-02-19,11:59:58,GERMANY,79.30097746439267
102800,-1.9,2019-02-19,11:59:58,GERMANY,81.16479448824111
103630,0.5,2019-02-19,11:59:58,GERMANY,71.27571632048576
104520,-4.4,2019-02-19,11:59:58,GERMANY,86.58351676374927
94530,-6.8,2019-02-19,11:59:58,GERMANY,90.45369852597523
101850,-2.4,2019-02-19,11:59:58,GERMANY,87.4455150524599
101840,-2.1,2019-02-19,11:59:58,GERMANY,84.888566823612
95520,-3.7,2019-02-19,11:59:58,GERMANY,97.04829516391193
93930,-2.0,2019-02-19,11:59:58,GERMANY,79.33168958072388
104660,-3.6,2019-02-19,11:59:58,GERMANY,81.54347396337658
104490,-1.9,2019-02-19,11:59:58,GERMANY,90.14641862833292
108690,-1.8,2019-02-19,11:59:58,GERMANY,85.56206319599663
91610,-1.8,2019-02-19,11:59:58,GERMANY,79.96380790027541
107370,-0.5,2019-02-19,11:59:58,GERMANY,77.79430041690209
91700,-1.3,2019-02-19,11:59:58,GERMANY,81.24930678555353
107880,-2.0,2019-02-19,11:59:58,GERMANY,83.63357021133505
103590,-3.0,2019-02-19,11:59:58,GERMANY,88.0483209296803
94740,-1.8,2019-02-19,11:59:58,GERMANY,75.26342292843387
102150,-1.0,2019-02-19,11:59:58,GERMANY,79.48427856249697
94960,-1.1,2019-02-19,11:59:58,GERMANY,77.69666104909838
104300,-1.8,2019-02-19,11:59:58,GERMANY,76.99646356101587
104390,-1.4,2019-02-19,11:59:58,GERMANY,85.60640137924295
106600,-1.2,2019-02-19,11:59:58,GERMANY,87.56215762290277
106100,-2.0,2019-02-19,11:59:58,GERMANY,77.54905596403343
106140,-1.4,2019-02-19,11:59:58,GERMANY,79.4234366046028
106130,-2.3,2019-02-19,11:59:58,GERMANY,82.34377992374557
104710,-3.2,2019-02-19,11:59:58,GERMANY,81.59925792974224
104810,-7.4,2019-02-19,11:59:58,GERMANY,90.40730642439065
100260,-1.5,2019-02-19,11:59:58,GERMANY,86.88292413351203
100280,-0.7,2019-02-19,11:59:58,GERMANY,88.91608040381527
93850,-2.6,2019-02-19,11:59:58,GERMANY,75.6964354625634
107430,-1.9,2019-02-19,11:59:58,GERMANY,83.0194833278904
104240,-6.0,2019-02-19,11:59:58,GERMANY,82.47927932706011
108450,-2.3,2019-02-19,11:59:58,GERMANY,82.34377992374557
104960,-2.8,2019-02-19,11:59:58,GERMANY,76.82749343828866
104990,-1.9,2019-02-19,11:59:58,GERMANY,84.91173588600893
94690,-1.7,2019-02-19,11:59:58,GERMANY,84.3007737136478
106330,-1.0,2019-02-19,11:59:58,GERMANY,77.71297654080702
101624,1.5,2019-02-19,11:59:58,GERMANY,90.40575696580589
101620,-3.0,2019-02-19,11:59:58,GERMANY,84.78366424045392
90910,-1.0,2019-02-19,11:59:58,GERMANY,80.68498500557595
107390,-1.0,2019-02-19,11:59:58,GERMANY,73.15976713684621
94790,-3.1,2019-02-19,11:59:58,GERMANY,79.16196390427285
104760,-1.6,2019-02-19,11:59:58,GERMANY,82.43695909584848
108570,-3.2,2019-02-19,11:59:58,GERMANY,84.76020904558669
103980,-3.3,2019-02-19,11:59:58,GERMANY,84.74846176633238
103140,-1.5,2019-02-19,11:59:58,GERMANY,82.45021251134898
107380,-1.6,2019-02-19,11:59:58,GERMANY,79.39291897915155
107340,-0.4,2019-02-19,11:59:58,GERMANY,82.59505313457744
103350,-0.2,2019-02-19,11:59:58,GERMANY,82.01001105547977
91850,1.1,2019-02-19,11:59:58,GERMANY,92.36598495645184
102000,0.1,2019-02-19,11:59:58,GERMANY,93.66405884587398
94880,-2.0,2019-02-19,11:59:58,GERMANY,78.73347275884448
94800,-1.2,2019-02-19,11:59:58,GERMANY,78.85874583783279
105320,-1.6,2019-02-19,11:59:58,GERMANY,78.20355209831799
108180,-3.0,2019-02-19,11:59:58,GERMANY,79.17747552158502
108580,-3.4,2019-02-19,11:59:58,GERMANY,83.45770804436386
108600,-1.2,2019-02-19,11:59:58,GERMANY,68.27867542218239
101930,-3.1,2019-02-19,11:59:58,GERMANY,89.37676214038103
105540,-1.8,2019-02-19,11:59:58,GERMANY,88.82033609706264
105536,1.2,2019-02-19,11:59:58,GERMANY,84.64292532696574
95820,-4.5,2019-02-19,11:59:58,GERMANY,94.13621765470529
95580,-1.5,2019-02-19,11:59:58,GERMANY,86.88292413351203
105520,-6.9,2019-02-19,11:59:58,GERMANY,96.96891959312612
101610,0.2,2019-02-19,11:59:58,GERMANY,78.48952275582569
101630,-3.5,2019-02-19,11:59:58,GERMANY,89.34311090987347
107550,-2.5,2019-02-19,11:59:58,GERMANY,75.71409532047252
107520,-4.0,2019-02-19,11:59:58,GERMANY,73.14507215310321
107650,-2.1,2019-02-19,11:59:58,GERMANY,82.3704751131853
92610,-2.3,2019-02-19,11:59:58,GERMANY,78.09088028424121
107655,-6.5,2019-02-19,11:59:58,GERMANY,73.81660080344847
106810,-4.4,2019-02-19,11:59:58,GERMANY,72.50068209148924
104010,1.4,2019-02-19,11:59:58,GERMANY,81.02609377217752
94990,-1.6,2019-02-19,11:59:58,GERMANY,82.43695909584848
105780,-4.3,2019-02-19,11:59:58,GERMANY,98.50690341498546
105770,-2.9,2019-02-19,11:59:58,GERMANY,81.02272056276627
100200,-0.3,2019-02-19,11:59:58,GERMANY,87.00396986175839
102910,-1.9,2019-02-19,11:59:58,GERMANY,86.19443065553102
106850,-4.4,2019-02-19,11:59:58,GERMANY,88.58915329235603
106870,-3.2,2019-02-19,11:59:58,GERMANY,86.70860669045872
108270,-2.0,2019-02-19,11:59:58,GERMANY,74.65702941357559
103610,-1.7,2019-02-19,11:59:58,GERMANY,84.9348534060726
109000,-1.3,2019-02-19,11:59:58,GERMANY,83.09651506375835
102380,-0.9,2019-02-19,11:59:58,GERMANY,86.94365177754374
105260,-2.2,2019-02-19,11:59:58,GERMANY,79.90401498906574
106550,-1.3,2019-02-19,11:59:58,GERMANY,78.84314429410703
106530,0.0,2019-02-19,11:59:58,GERMANY,68.02172219426139
106710,-3.0,2019-02-19,11:59:58,GERMANY,75.0476250040634
101730,1.9,2019-02-19,11:59:58,GERMANY,81.09606895568386
100040,-1.7,2019-02-19,11:59:58,GERMANY,88.82909015176138
104060,-0.5,2019-02-19,11:59:58,GERMANY,78.37894978925083
94540,-3.8,2019-02-19,11:59:58,GERMANY,85.98960564474105
95490,-1.2,2019-02-19,11:59:58,GERMANY,95.69027365416291
101130,-0.1,2019-02-19,11:59:58,GERMANY,81.41670499971441
107240,-1.9,2019-02-19,11:59:58,GERMANY,81.16479448824111
107220,-0.5,2019-02-19,11:59:58,GERMANY,70.0063298331612
106580,-2.0,2019-02-19,11:59:58,GERMANY,76.38050637660949
106570,3.3,2019-02-19,11:59:58,GERMANY,89.89461153952377
95540,-2.8,2019-02-19,11:59:58,GERMANY,82.2767865494446
102610,-1.3,2019-02-19,11:59:58,GERMANY,78.25158793400846
102620,-3.8,2019-02-19,11:59:58,GERMANY,82.14169659054382
101500,0.0,2019-02-19,11:59:58,GERMANY,98.55891147790348
100350,-1.6,2019-02-19,11:59:58,GERMANY,86.22637221239664
100340,-1.1,2019-02-19,11:59:58,GERMANY,88.22444772926485
100290,0.0,2019-02-19,11:59:58,GERMANY,88.97638355603272
100220,-1.4,2019-02-19,11:59:58,GERMANY,86.89307400146683
100020,0.7,2019-02-19,11:59:58,GERMANY,80.33180889111607
108380,-2.1,2019-02-19,11:59:58,GERMANY,84.888566823612
92700,-1.8,2019-02-19,11:59:58,GERMANY,78.17144436174779
108460,-13.2,2019-02-19,11:59:58,GERMANY,98.38993344899094
92910,-2.4,2019-02-19,11:59:58,GERMANY,78.67043940329116
109210,-3.1,2019-02-19,11:59:58,GERMANY,83.49562208415144
94900,-0.6,2019-02-19,11:59:58,GERMANY,74.91078107095738
91770,-2.6,2019-02-19,11:59:58,GERMANY,77.44988163480996
107420,-1.8,2019-02-19,11:59:58,GERMANY,77.58197660611376
109080,-4.9,2019-02-19,11:59:58,GERMANY,81.3604877373257
103660,1.7,2019-02-19,11:59:58,GERMANY,85.32010578023011
107640,-1.9,2019-02-19,11:59:58,GERMANY,78.15536527416963
107630,-2.1,2019-02-19,11:59:58,GERMANY,78.12315655100815
103870,-5.7,2019-02-19,11:59:58,GERMANY,83.16280566055174
104540,-3.5,2019-02-19,11:59:58,GERMANY,82.18237888592995
103930,-2.4,2019-02-19,11:59:58,GERMANY,86.79105685807535
104160,0.5,2019-02-19,11:59:58,GERMANY,80.89919836445814
108660,-2.8,2019-02-19,11:59:58,GERMANY,77.41668546551502
103250,-0.6,2019-02-19,11:59:58,GERMANY,73.23585540964498
102810,0.0,2019-02-19,11:59:58,GERMANY,84.50266982385106
102460,-0.7,2019-02-19,11:59:58,GERMANY,83.79445923402426
109711,-8.1,2019-02-19,11:59:58,GERMANY,66.18720217093076
107270,-0.8,2019-02-19,11:59:58,GERMANY,76.5857054499303
93790,-1.7,2019-02-19,11:59:58,GERMANY,74.71170697020865
107290,-0.6,2019-02-19,11:59:58,GERMANY,78.36308766820662
106150,-1.6,2019-02-19,11:59:58,GERMANY,83.68331978260576
105360,-2.8,2019-02-19,11:59:58,GERMANY,85.4503448647977
108530,-2.6,2019-02-19,11:59:58,GERMANY,81.68248032305043
92800,-2.4,2019-02-19,11:59:58,GERMANY,81.09394911765314
107710,-2.8,2019-02-19,11:59:58,GERMANY,81.65479977799492
109470,-3.6,2019-02-19,11:59:58,GERMANY,84.07058255195648
105820,-7.2,2019-02-19,11:59:58,GERMANY,95.47301913321492
105550,-2.7,2019-02-19,11:59:58,GERMANY,84.81874890515078
107140,-0.7,2019-02-19,11:59:58,GERMANY,85.04967299814432
92490,-1.7,2019-02-19,11:59:58,GERMANY,78.78057378902048
103210,-0.1,2019-02-19,11:59:58,GERMANY,89.62424357218286
103200,-1.2,2019-02-19,11:59:58,GERMANY,82.48988635479661
104440,-2.1,2019-02-19,11:59:58,GERMANY,77.53256992315755
101720,-0.2,2019-02-19,11:59:58,GERMANY,87.01398330813788
101700,-1.1,2019-02-19,11:59:58,GERMANY,87.57180623509163
104750,0.0,2019-02-19,11:59:58,GERMANY,78.45801274465607
104740,-1.9,2019-02-19,11:59:58,GERMANY,88.81157197716426
104730,1.0,2019-02-19,11:59:58,GERMANY,81.56827317877085
108930,-1.7,2019-02-19,11:59:58,GERMANY,78.18750662917994
105130,-1.1,2019-02-19,11:59:58,GERMANY,76.53464254510781
105140,-1.2,2019-02-19,11:59:58,GERMANY,73.67812668556391
105150,0.0,2019-02-19,11:59:58,GERMANY,70.1100457159425
105060,-1.0,2019-02-19,11:59:58,GERMANY,83.13484176183611
105570,-5.3,2019-02-19,11:59:58,GERMANY,95.54354684885666
105580,-4.4,2019-02-19,11:59:58,GERMANY,91.32756880233896
105590,-1.7,2019-02-19,11:59:58,GERMANY,93.5721384869528
103490,0.0,2019-02-19,11:59:58,GERMANY,93.65900343482977
108950,-3.3,2019-02-19,11:59:58,GERMANY,75.57230854788658
103060,-1.1,2019-02-19,11:59:58,GERMANY,79.46909218142295
103820,-1.3,2019-02-19,11:59:58,GERMANY,77.08029515932536
103810,-0.9,2019-02-19,11:59:58,GERMANY,79.49944890669553
104260,0.4,2019-02-19,11:59:58,GERMANY,79.10615602375698
104270,-3.2,2019-02-19,11:59:58,GERMANY,90.72523570533069
104530,-6.3,2019-02-19,11:59:58,GERMANY,88.41575320025896
104880,-1.3,2019-02-19,11:59:58,GERMANY,81.86094790890961
106770,-1.3,2019-02-19,11:59:58,GERMANY,75.35256464960753
102530,-1.3,2019-02-19,11:59:58,GERMANY,83.09651506375835
102540,-2.8,2019-02-19,11:59:58,GERMANY,86.74992534945682
105000,-0.7,2019-02-19,11:59:58,GERMANY,81.9424745156762
104800,-1.9,2019-02-19,11:59:58,GERMANY,84.91173588600893
104790,-2.9,2019-02-19,11:59:58,GERMANY,91.431064641162
107750,2.4,2019-02-19,11:59:58,GERMANY,74.3419996899178
105100,-3.7,2019-02-19,11:59:58,GERMANY,82.15527220853706
105020,-1.1,2019-02-19,11:59:58,GERMANY,80.67058182142841
105010,-0.6,2019-02-19,11:59:58,GERMANY,74.91078107095738
104040,0.5,2019-02-19,11:59:58,GERMANY,83.94094829973909
109800,-5.1,2019-02-19,11:59:58,GERMANY,72.93153623427531
107610,-3.4,2019-02-19,11:59:58,GERMANY,77.91214558563478
100380,-1.1,2019-02-19,11:59:58,GERMANY,86.92345491316311
100370,-1.3,2019-02-19,11:59:58,GERMANY,84.34862027928811
102490,-2.7,2019-02-19,11:59:58,GERMANY,82.29021449387338
103800,-4.3,2019-02-19,11:59:58,GERMANY,82.07359488055434
107450,-5.6,2019-02-19,11:59:58,GERMANY,87.8009902408513
95670,-2.3,2019-02-19,11:59:58,GERMANY,85.50636057470659
106090,-0.6,2019-02-19,11:59:58,GERMANY,78.95201166103134
106370,-0.9,2019-02-19,11:59:58,GERMANY,81.9153576831926
107275,-0.3,2019-02-19,11:59:58,GERMANY,70.579650243293
104374,2.4,2019-02-19,11:59:58,GERMANY,86.64216126146792
103430,-0.2,2019-02-19,11:59:58,GERMANY,79.0138633583059
102240,-1.6,2019-02-19,11:59:58,GERMANY,79.99360896559583
103480,-1.5,2019-02-19,11:59:58,GERMANY,79.40818586352142
108522,0.7,2019-02-19,11:59:58,GERMANY,80.92750235774244
108520,-1.8,2019-02-19,11:59:58,GERMANY,84.28877894669715
108354,-1.7,2019-02-19,11:59:58,GERMANY,68.69454791502105
108360,-2.0,2019-02-19,11:59:58,GERMANY,82.38380089710469
104680,0.7,2019-02-19,11:59:58,GERMANY,73.48107466290399
104100,-0.4,2019-02-19,11:59:58,GERMANY,78.9829699479243
109350,-1.9,2019-02-19,11:59:58,GERMANY,68.65130228341825
109340,-0.4,2019-02-19,11:59:58,GERMANY,81.37505736783656
104180,-1.6,2019-02-19,11:59:58,GERMANY,83.68331978260576
93610,-1.2,2019-02-19,11:59:58,GERMANY,80.65616323384695
